labels
rest
rest
rest
rest
rest
rest
rest
rest
rest
rest
rest
rest
rest
rest
rest
rest
rest
rest
rest
rest
rest
rest
rest
rest
rest
rest
rest
rest
rest
rest
rest
rest
rest
rest
rest
rest
rest
rest
rest
rest
rest
rest
rest
rest
rest
rest
rest
rest
rest
rest
rest
rest
rest
rest
rest
rest
rest
rest
rest
rest
rest
rest
rest
rest
rest
rest
rest
rest
rest
rest
rest
rest
rest
rest
rest
rest
rest
rest
rest
rest
rest
rest
rest
rest
rest
rest
rest
rest
rest
rest
rest
rest
rest
rest
rest
rest
rest
rest
rest
rest
rest
rest
rest
rest
rest
rest
rest
rest
rest
rest
rest
rest
rest
rest
rest
rest
rest
rest
rest
rest
rest
rest
rest
rest
rest
rest
rest
rest
rest
rest
rest
rest
rest
rest
rest
rest
rest
rest
rest
rest
rest
rest
rest
rest
rest
rest
rest
rest
rest
rest
rest
rest
rest
rest
rest
rest
rest
rest
rest
rest
rest
rest
rest
rest
rest
rest
rest
rest
rest
rest
rest
rest
rest
rest
rest
rest
image_open&close_left_fist
image_open&close_left_fist
image_open&close_left_fist
image_open&close_left_fist
image_open&close_left_fist
image_open&close_left_fist
image_open&close_left_fist
image_open&close_left_fist
image_open&close_left_fist
image_open&close_left_fist
image_open&close_left_fist
image_open&close_left_fist
image_open&close_left_fist
image_open&close_left_fist
image_open&close_left_fist
image_open&close_left_fist
image_open&close_left_fist
image_open&close_left_fist
image_open&close_left_fist
image_open&close_left_fist
image_open&close_left_fist
image_open&close_left_fist
image_open&close_left_fist
image_open&close_left_fist
image_open&close_left_fist
image_open&close_left_fist
image_open&close_left_fist
image_open&close_left_fist
image_open&close_left_fist
image_open&close_left_fist
image_open&close_left_fist
image_open&close_left_fist
image_open&close_left_fist
image_open&close_left_fist
image_open&close_left_fist
image_open&close_left_fist
image_open&close_left_fist
image_open&close_left_fist
image_open&close_left_fist
image_open&close_left_fist
image_open&close_left_fist
image_open&close_left_fist
image_open&close_left_fist
image_open&close_left_fist
image_open&close_left_fist
image_open&close_left_fist
image_open&close_left_fist
image_open&close_left_fist
image_open&close_left_fist
image_open&close_left_fist
image_open&close_left_fist
image_open&close_left_fist
image_open&close_left_fist
image_open&close_left_fist
image_open&close_left_fist
image_open&close_left_fist
image_open&close_left_fist
image_open&close_left_fist
image_open&close_left_fist
image_open&close_left_fist
image_open&close_left_fist
image_open&close_left_fist
image_open&close_left_fist
image_open&close_left_fist
image_open&close_left_fist
image_open&close_left_fist
image_open&close_left_fist
image_open&close_left_fist
image_open&close_left_fist
image_open&close_left_fist
image_open&close_left_fist
image_open&close_left_fist
image_open&close_left_fist
image_open&close_left_fist
image_open&close_left_fist
image_open&close_left_fist
image_open&close_left_fist
image_open&close_left_fist
image_open&close_left_fist
image_open&close_left_fist
image_open&close_left_fist
image_open&close_left_fist
image_open&close_left_fist
image_open&close_left_fist
image_open&close_left_fist
image_open&close_left_fist
image_open&close_left_fist
image_open&close_left_fist
image_open&close_left_fist
image_open&close_left_fist
image_open&close_left_fist
image_open&close_left_fist
image_open&close_left_fist
image_open&close_left_fist
image_open&close_left_fist
image_open&close_left_fist
image_open&close_left_fist
image_open&close_left_fist
image_open&close_left_fist
image_open&close_left_fist
image_open&close_left_fist
image_open&close_left_fist
image_open&close_left_fist
image_open&close_left_fist
image_open&close_left_fist
image_open&close_left_fist
image_open&close_left_fist
image_open&close_left_fist
image_open&close_left_fist
image_open&close_left_fist
image_open&close_left_fist
image_open&close_left_fist
image_open&close_left_fist
image_open&close_left_fist
image_open&close_left_fist
image_open&close_left_fist
image_open&close_left_fist
image_open&close_left_fist
image_open&close_left_fist
image_open&close_left_fist
image_open&close_left_fist
image_open&close_left_fist
image_open&close_left_fist
image_open&close_left_fist
image_open&close_left_fist
image_open&close_left_fist
image_open&close_left_fist
image_open&close_left_fist
image_open&close_left_fist
image_open&close_left_fist
image_open&close_left_fist
image_open&close_left_fist
image_open&close_left_fist
image_open&close_left_fist
image_open&close_left_fist
image_open&close_left_fist
image_open&close_left_fist
image_open&close_left_fist
image_open&close_left_fist
image_open&close_left_fist
image_open&close_left_fist
image_open&close_left_fist
image_open&close_left_fist
image_open&close_left_fist
image_open&close_left_fist
image_open&close_left_fist
image_open&close_left_fist
image_open&close_left_fist
image_open&close_left_fist
image_open&close_left_fist
image_open&close_left_fist
image_open&close_left_fist
image_open&close_left_fist
image_open&close_left_fist
image_open&close_left_fist
image_open&close_left_fist
image_open&close_left_fist
image_open&close_left_fist
image_open&close_left_fist
image_open&close_left_fist
image_open&close_left_fist
image_open&close_left_fist
image_open&close_left_fist
image_open&close_left_fist
image_open&close_left_fist
image_open&close_left_fist
image_open&close_left_fist
image_open&close_left_fist
image_open&close_left_fist
image_open&close_left_fist
image_open&close_left_fist
image_open&close_left_fist
image_open&close_left_fist
image_open&close_left_fist
image_open&close_left_fist
image_open&close_left_fist
image_open&close_left_fist
image_open&close_left_fist
image_open&close_left_fist
image_open&close_left_fist
image_open&close_left_fist
image_open&close_left_fist
image_open&close_left_fist
image_open&close_left_fist
image_open&close_left_fist
image_open&close_left_fist
image_open&close_left_fist
image_open&close_left_fist
image_open&close_left_fist
image_open&close_left_fist
image_open&close_left_fist
image_open&close_left_fist
image_open&close_left_fist
image_open&close_left_fist
image_open&close_left_fist
image_open&close_left_fist
image_open&close_left_fist
image_open&close_left_fist
image_open&close_left_fist
image_open&close_left_fist
image_open&close_left_fist
image_open&close_left_fist
image_open&close_left_fist
image_open&close_left_fist
image_open&close_left_fist
image_open&close_left_fist
image_open&close_left_fist
image_open&close_left_fist
image_open&close_left_fist
image_open&close_left_fist
image_open&close_left_fist
image_open&close_left_fist
image_open&close_left_fist
image_open&close_left_fist
image_open&close_left_fist
image_open&close_left_fist
image_open&close_left_fist
image_open&close_left_fist
image_open&close_left_fist
image_open&close_left_fist
image_open&close_left_fist
image_open&close_left_fist
image_open&close_left_fist
image_open&close_left_fist
image_open&close_left_fist
image_open&close_left_fist
image_open&close_left_fist
image_open&close_left_fist
image_open&close_left_fist
image_open&close_left_fist
image_open&close_left_fist
image_open&close_left_fist
image_open&close_left_fist
image_open&close_left_fist
image_open&close_left_fist
image_open&close_left_fist
image_open&close_left_fist
image_open&close_left_fist
image_open&close_left_fist
image_open&close_left_fist
image_open&close_left_fist
image_open&close_left_fist
image_open&close_left_fist
image_open&close_left_fist
image_open&close_left_fist
image_open&close_left_fist
image_open&close_left_fist
image_open&close_left_fist
image_open&close_left_fist
image_open&close_left_fist
image_open&close_left_fist
image_open&close_left_fist
image_open&close_left_fist
image_open&close_left_fist
image_open&close_left_fist
image_open&close_left_fist
image_open&close_left_fist
image_open&close_left_fist
image_open&close_left_fist
image_open&close_left_fist
image_open&close_left_fist
image_open&close_left_fist
image_open&close_left_fist
image_open&close_left_fist
image_open&close_left_fist
image_open&close_left_fist
image_open&close_left_fist
image_open&close_left_fist
image_open&close_left_fist
image_open&close_left_fist
image_open&close_left_fist
image_open&close_left_fist
image_open&close_left_fist
image_open&close_left_fist
image_open&close_left_fist
image_open&close_left_fist
image_open&close_left_fist
image_open&close_left_fist
image_open&close_left_fist
image_open&close_left_fist
image_open&close_left_fist
image_open&close_left_fist
image_open&close_left_fist
image_open&close_left_fist
image_open&close_left_fist
image_open&close_left_fist
image_open&close_left_fist
image_open&close_left_fist
image_open&close_left_fist
image_open&close_left_fist
image_open&close_left_fist
image_open&close_left_fist
image_open&close_left_fist
image_open&close_left_fist
image_open&close_left_fist
image_open&close_left_fist
image_open&close_left_fist
image_open&close_left_fist
image_open&close_left_fist
image_open&close_left_fist
image_open&close_left_fist
image_open&close_left_fist
image_open&close_left_fist
image_open&close_left_fist
image_open&close_left_fist
image_open&close_left_fist
image_open&close_left_fist
image_open&close_left_fist
image_open&close_left_fist
image_open&close_left_fist
image_open&close_left_fist
image_open&close_left_fist
image_open&close_left_fist
image_open&close_left_fist
image_open&close_left_fist
image_open&close_left_fist
image_open&close_left_fist
image_open&close_left_fist
image_open&close_left_fist
image_open&close_left_fist
image_open&close_left_fist
image_open&close_left_fist
image_open&close_left_fist
image_open&close_left_fist
image_open&close_left_fist
image_open&close_left_fist
image_open&close_left_fist
image_open&close_left_fist
image_open&close_left_fist
image_open&close_left_fist
image_open&close_left_fist
image_open&close_left_fist
image_open&close_left_fist
image_open&close_left_fist
image_open&close_left_fist
image_open&close_left_fist
image_open&close_left_fist
image_open&close_left_fist
image_open&close_left_fist
image_open&close_left_fist
image_open&close_left_fist
image_open&close_left_fist
image_open&close_left_fist
image_open&close_left_fist
image_open&close_left_fist
image_open&close_left_fist
image_open&close_left_fist
image_open&close_left_fist
image_open&close_left_fist
image_open&close_left_fist
image_open&close_left_fist
image_open&close_left_fist
image_open&close_left_fist
image_open&close_left_fist
image_open&close_left_fist
image_open&close_left_fist
image_open&close_left_fist
image_open&close_left_fist
image_open&close_left_fist
image_open&close_left_fist
image_open&close_left_fist
image_open&close_left_fist
image_open&close_left_fist
image_open&close_left_fist
image_open&close_left_fist
image_open&close_left_fist
image_open&close_left_fist
image_open&close_left_fist
image_open&close_left_fist
image_open&close_left_fist
image_open&close_left_fist
image_open&close_left_fist
image_open&close_left_fist
image_open&close_left_fist
image_open&close_left_fist
image_open&close_left_fist
image_open&close_left_fist
image_open&close_left_fist
image_open&close_left_fist
image_open&close_left_fist
image_open&close_left_fist
image_open&close_left_fist
image_open&close_left_fist
image_open&close_left_fist
image_open&close_left_fist
image_open&close_left_fist
image_open&close_left_fist
image_open&close_left_fist
image_open&close_left_fist
image_open&close_left_fist
image_open&close_left_fist
image_open&close_left_fist
image_open&close_left_fist
image_open&close_left_fist
image_open&close_left_fist
image_open&close_left_fist
image_open&close_left_fist
image_open&close_left_fist
image_open&close_left_fist
image_open&close_left_fist
image_open&close_left_fist
image_open&close_left_fist
image_open&close_left_fist
image_open&close_left_fist
image_open&close_left_fist
image_open&close_left_fist
image_open&close_left_fist
image_open&close_left_fist
image_open&close_left_fist
image_open&close_left_fist
image_open&close_left_fist
image_open&close_left_fist
image_open&close_left_fist
image_open&close_left_fist
image_open&close_left_fist
image_open&close_left_fist
image_open&close_left_fist
image_open&close_left_fist
image_open&close_left_fist
image_open&close_left_fist
image_open&close_left_fist
image_open&close_left_fist
image_open&close_left_fist
image_open&close_left_fist
image_open&close_left_fist
image_open&close_left_fist
image_open&close_left_fist
image_open&close_left_fist
image_open&close_left_fist
image_open&close_left_fist
image_open&close_left_fist
image_open&close_left_fist
image_open&close_left_fist
image_open&close_left_fist
image_open&close_left_fist
image_open&close_left_fist
image_open&close_left_fist
image_open&close_left_fist
image_open&close_left_fist
image_open&close_left_fist
image_open&close_left_fist
image_open&close_left_fist
image_open&close_left_fist
image_open&close_left_fist
image_open&close_left_fist
image_open&close_left_fist
image_open&close_left_fist
image_open&close_left_fist
image_open&close_left_fist
image_open&close_left_fist
image_open&close_left_fist
image_open&close_left_fist
image_open&close_left_fist
image_open&close_left_fist
image_open&close_left_fist
image_open&close_left_fist
image_open&close_left_fist
image_open&close_left_fist
image_open&close_left_fist
image_open&close_left_fist
image_open&close_left_fist
image_open&close_left_fist
image_open&close_left_fist
image_open&close_left_fist
image_open&close_left_fist
image_open&close_left_fist
image_open&close_left_fist
image_open&close_left_fist
image_open&close_left_fist
image_open&close_left_fist
image_open&close_left_fist
image_open&close_left_fist
image_open&close_left_fist
image_open&close_left_fist
image_open&close_left_fist
image_open&close_left_fist
image_open&close_left_fist
image_open&close_left_fist
image_open&close_left_fist
image_open&close_left_fist
image_open&close_left_fist
image_open&close_left_fist
image_open&close_left_fist
image_open&close_left_fist
image_open&close_left_fist
image_open&close_left_fist
image_open&close_left_fist
image_open&close_left_fist
image_open&close_left_fist
image_open&close_left_fist
image_open&close_left_fist
image_open&close_left_fist
image_open&close_left_fist
image_open&close_left_fist
image_open&close_left_fist
image_open&close_left_fist
image_open&close_left_fist
image_open&close_left_fist
image_open&close_left_fist
image_open&close_left_fist
image_open&close_left_fist
image_open&close_left_fist
image_open&close_left_fist
image_open&close_left_fist
image_open&close_left_fist
image_open&close_left_fist
image_open&close_left_fist
image_open&close_left_fist
image_open&close_left_fist
image_open&close_left_fist
image_open&close_left_fist
image_open&close_left_fist
image_open&close_left_fist
image_open&close_left_fist
image_open&close_left_fist
image_open&close_left_fist
image_open&close_left_fist
image_open&close_left_fist
image_open&close_left_fist
image_open&close_left_fist
image_open&close_left_fist
image_open&close_left_fist
image_open&close_left_fist
image_open&close_left_fist
image_open&close_left_fist
image_open&close_left_fist
image_open&close_left_fist
image_open&close_left_fist
image_open&close_left_fist
image_open&close_left_fist
image_open&close_left_fist
image_open&close_left_fist
image_open&close_left_fist
image_open&close_left_fist
image_open&close_left_fist
image_open&close_left_fist
image_open&close_left_fist
image_open&close_left_fist
image_open&close_left_fist
image_open&close_left_fist
image_open&close_left_fist
image_open&close_left_fist
image_open&close_left_fist
image_open&close_left_fist
image_open&close_left_fist
image_open&close_left_fist
image_open&close_left_fist
image_open&close_left_fist
image_open&close_left_fist
image_open&close_left_fist
image_open&close_left_fist
image_open&close_left_fist
image_open&close_left_fist
image_open&close_left_fist
image_open&close_left_fist
image_open&close_left_fist
image_open&close_left_fist
image_open&close_left_fist
image_open&close_left_fist
image_open&close_left_fist
image_open&close_left_fist
image_open&close_left_fist
image_open&close_left_fist
image_open&close_left_fist
image_open&close_left_fist
image_open&close_left_fist
image_open&close_left_fist
image_open&close_left_fist
image_open&close_left_fist
image_open&close_left_fist
image_open&close_left_fist
image_open&close_left_fist
image_open&close_left_fist
image_open&close_left_fist
image_open&close_left_fist
image_open&close_left_fist
image_open&close_left_fist
image_open&close_left_fist
image_open&close_left_fist
image_open&close_left_fist
image_open&close_left_fist
image_open&close_left_fist
image_open&close_left_fist
image_open&close_left_fist
image_open&close_left_fist
image_open&close_left_fist
image_open&close_left_fist
image_open&close_left_fist
image_open&close_left_fist
image_open&close_left_fist
image_open&close_left_fist
image_open&close_left_fist
image_open&close_left_fist
image_open&close_left_fist
image_open&close_left_fist
image_open&close_left_fist
image_open&close_left_fist
image_open&close_left_fist
image_open&close_left_fist
image_open&close_left_fist
image_open&close_left_fist
image_open&close_left_fist
image_open&close_left_fist
image_open&close_left_fist
image_open&close_left_fist
image_open&close_left_fist
image_open&close_left_fist
image_open&close_left_fist
image_open&close_left_fist
image_open&close_left_fist
image_open&close_left_fist
image_open&close_left_fist
image_open&close_left_fist
image_open&close_left_fist
image_open&close_left_fist
image_open&close_left_fist
image_open&close_left_fist
image_open&close_left_fist
image_open&close_left_fist
image_open&close_left_fist
image_open&close_left_fist
image_open&close_left_fist
image_open&close_left_fist
image_open&close_left_fist
image_open&close_left_fist
image_open&close_left_fist
image_open&close_left_fist
image_open&close_left_fist
image_open&close_left_fist
image_open&close_left_fist
image_open&close_left_fist
image_open&close_left_fist
image_open&close_left_fist
image_open&close_left_fist
image_open&close_left_fist
image_open&close_left_fist
image_open&close_left_fist
image_open&close_left_fist
image_open&close_left_fist
image_open&close_left_fist
image_open&close_left_fist
image_open&close_left_fist
image_open&close_left_fist
image_open&close_left_fist
image_open&close_left_fist
image_open&close_left_fist
image_open&close_left_fist
image_open&close_left_fist
image_open&close_left_fist
image_open&close_left_fist
image_open&close_left_fist
image_open&close_left_fist
image_open&close_left_fist
image_open&close_left_fist
image_open&close_left_fist
image_open&close_left_fist
rest
rest
rest
rest
rest
rest
rest
rest
rest
rest
rest
rest
rest
rest
rest
rest
rest
rest
rest
rest
rest
rest
rest
rest
rest
rest
rest
rest
rest
rest
rest
rest
rest
rest
rest
rest
rest
rest
rest
rest
rest
rest
rest
rest
rest
rest
rest
rest
rest
rest
rest
rest
rest
rest
rest
rest
rest
rest
rest
rest
rest
rest
rest
rest
rest
rest
rest
rest
rest
rest
rest
rest
rest
rest
rest
rest
rest
rest
rest
rest
rest
rest
rest
rest
rest
rest
rest
rest
rest
rest
rest
rest
rest
rest
rest
rest
rest
rest
rest
rest
rest
rest
rest
rest
rest
rest
rest
rest
rest
rest
rest
rest
rest
rest
rest
rest
rest
rest
rest
rest
rest
rest
rest
rest
rest
rest
rest
rest
rest
rest
rest
rest
rest
rest
rest
rest
rest
rest
rest
rest
rest
rest
rest
rest
rest
rest
rest
rest
rest
rest
rest
rest
rest
rest
rest
rest
rest
rest
rest
rest
rest
rest
rest
rest
rest
rest
rest
rest
rest
rest
rest
rest
rest
rest
rest
rest
image_open&close_right_fist
image_open&close_right_fist
image_open&close_right_fist
image_open&close_right_fist
image_open&close_right_fist
image_open&close_right_fist
image_open&close_right_fist
image_open&close_right_fist
image_open&close_right_fist
image_open&close_right_fist
image_open&close_right_fist
image_open&close_right_fist
image_open&close_right_fist
image_open&close_right_fist
image_open&close_right_fist
image_open&close_right_fist
image_open&close_right_fist
image_open&close_right_fist
image_open&close_right_fist
image_open&close_right_fist
image_open&close_right_fist
image_open&close_right_fist
image_open&close_right_fist
image_open&close_right_fist
image_open&close_right_fist
image_open&close_right_fist
image_open&close_right_fist
image_open&close_right_fist
image_open&close_right_fist
image_open&close_right_fist
image_open&close_right_fist
image_open&close_right_fist
image_open&close_right_fist
image_open&close_right_fist
image_open&close_right_fist
image_open&close_right_fist
image_open&close_right_fist
image_open&close_right_fist
image_open&close_right_fist
image_open&close_right_fist
image_open&close_right_fist
image_open&close_right_fist
image_open&close_right_fist
image_open&close_right_fist
image_open&close_right_fist
image_open&close_right_fist
image_open&close_right_fist
image_open&close_right_fist
image_open&close_right_fist
image_open&close_right_fist
image_open&close_right_fist
image_open&close_right_fist
image_open&close_right_fist
image_open&close_right_fist
image_open&close_right_fist
image_open&close_right_fist
image_open&close_right_fist
image_open&close_right_fist
image_open&close_right_fist
image_open&close_right_fist
image_open&close_right_fist
image_open&close_right_fist
image_open&close_right_fist
image_open&close_right_fist
image_open&close_right_fist
image_open&close_right_fist
image_open&close_right_fist
image_open&close_right_fist
image_open&close_right_fist
image_open&close_right_fist
image_open&close_right_fist
image_open&close_right_fist
image_open&close_right_fist
image_open&close_right_fist
image_open&close_right_fist
image_open&close_right_fist
image_open&close_right_fist
image_open&close_right_fist
image_open&close_right_fist
image_open&close_right_fist
image_open&close_right_fist
image_open&close_right_fist
image_open&close_right_fist
image_open&close_right_fist
image_open&close_right_fist
image_open&close_right_fist
image_open&close_right_fist
image_open&close_right_fist
image_open&close_right_fist
image_open&close_right_fist
image_open&close_right_fist
image_open&close_right_fist
image_open&close_right_fist
image_open&close_right_fist
image_open&close_right_fist
image_open&close_right_fist
image_open&close_right_fist
image_open&close_right_fist
image_open&close_right_fist
image_open&close_right_fist
image_open&close_right_fist
image_open&close_right_fist
image_open&close_right_fist
image_open&close_right_fist
image_open&close_right_fist
image_open&close_right_fist
image_open&close_right_fist
image_open&close_right_fist
image_open&close_right_fist
image_open&close_right_fist
image_open&close_right_fist
image_open&close_right_fist
image_open&close_right_fist
image_open&close_right_fist
image_open&close_right_fist
image_open&close_right_fist
image_open&close_right_fist
image_open&close_right_fist
image_open&close_right_fist
image_open&close_right_fist
image_open&close_right_fist
image_open&close_right_fist
image_open&close_right_fist
image_open&close_right_fist
image_open&close_right_fist
image_open&close_right_fist
image_open&close_right_fist
image_open&close_right_fist
image_open&close_right_fist
image_open&close_right_fist
image_open&close_right_fist
image_open&close_right_fist
image_open&close_right_fist
image_open&close_right_fist
image_open&close_right_fist
image_open&close_right_fist
image_open&close_right_fist
image_open&close_right_fist
image_open&close_right_fist
image_open&close_right_fist
image_open&close_right_fist
image_open&close_right_fist
image_open&close_right_fist
image_open&close_right_fist
image_open&close_right_fist
image_open&close_right_fist
image_open&close_right_fist
image_open&close_right_fist
image_open&close_right_fist
image_open&close_right_fist
image_open&close_right_fist
image_open&close_right_fist
image_open&close_right_fist
image_open&close_right_fist
image_open&close_right_fist
image_open&close_right_fist
image_open&close_right_fist
image_open&close_right_fist
image_open&close_right_fist
image_open&close_right_fist
image_open&close_right_fist
image_open&close_right_fist
image_open&close_right_fist
image_open&close_right_fist
image_open&close_right_fist
image_open&close_right_fist
image_open&close_right_fist
image_open&close_right_fist
image_open&close_right_fist
image_open&close_right_fist
image_open&close_right_fist
image_open&close_right_fist
image_open&close_right_fist
image_open&close_right_fist
image_open&close_right_fist
image_open&close_right_fist
image_open&close_right_fist
image_open&close_right_fist
image_open&close_right_fist
image_open&close_right_fist
image_open&close_right_fist
image_open&close_right_fist
image_open&close_right_fist
image_open&close_right_fist
image_open&close_right_fist
image_open&close_right_fist
image_open&close_right_fist
image_open&close_right_fist
image_open&close_right_fist
image_open&close_right_fist
image_open&close_right_fist
image_open&close_right_fist
image_open&close_right_fist
image_open&close_right_fist
image_open&close_right_fist
image_open&close_right_fist
image_open&close_right_fist
image_open&close_right_fist
image_open&close_right_fist
image_open&close_right_fist
image_open&close_right_fist
image_open&close_right_fist
image_open&close_right_fist
image_open&close_right_fist
image_open&close_right_fist
image_open&close_right_fist
image_open&close_right_fist
image_open&close_right_fist
image_open&close_right_fist
image_open&close_right_fist
image_open&close_right_fist
image_open&close_right_fist
image_open&close_right_fist
image_open&close_right_fist
image_open&close_right_fist
image_open&close_right_fist
image_open&close_right_fist
image_open&close_right_fist
image_open&close_right_fist
image_open&close_right_fist
image_open&close_right_fist
image_open&close_right_fist
image_open&close_right_fist
image_open&close_right_fist
image_open&close_right_fist
image_open&close_right_fist
image_open&close_right_fist
image_open&close_right_fist
image_open&close_right_fist
image_open&close_right_fist
image_open&close_right_fist
image_open&close_right_fist
image_open&close_right_fist
image_open&close_right_fist
image_open&close_right_fist
image_open&close_right_fist
image_open&close_right_fist
image_open&close_right_fist
image_open&close_right_fist
image_open&close_right_fist
image_open&close_right_fist
image_open&close_right_fist
image_open&close_right_fist
image_open&close_right_fist
image_open&close_right_fist
image_open&close_right_fist
image_open&close_right_fist
image_open&close_right_fist
image_open&close_right_fist
image_open&close_right_fist
image_open&close_right_fist
image_open&close_right_fist
image_open&close_right_fist
image_open&close_right_fist
image_open&close_right_fist
image_open&close_right_fist
image_open&close_right_fist
image_open&close_right_fist
image_open&close_right_fist
image_open&close_right_fist
image_open&close_right_fist
image_open&close_right_fist
image_open&close_right_fist
image_open&close_right_fist
image_open&close_right_fist
image_open&close_right_fist
image_open&close_right_fist
image_open&close_right_fist
image_open&close_right_fist
image_open&close_right_fist
image_open&close_right_fist
image_open&close_right_fist
image_open&close_right_fist
image_open&close_right_fist
image_open&close_right_fist
image_open&close_right_fist
image_open&close_right_fist
image_open&close_right_fist
image_open&close_right_fist
image_open&close_right_fist
image_open&close_right_fist
image_open&close_right_fist
image_open&close_right_fist
image_open&close_right_fist
image_open&close_right_fist
image_open&close_right_fist
image_open&close_right_fist
image_open&close_right_fist
image_open&close_right_fist
image_open&close_right_fist
image_open&close_right_fist
image_open&close_right_fist
image_open&close_right_fist
image_open&close_right_fist
image_open&close_right_fist
image_open&close_right_fist
image_open&close_right_fist
image_open&close_right_fist
image_open&close_right_fist
image_open&close_right_fist
image_open&close_right_fist
image_open&close_right_fist
image_open&close_right_fist
image_open&close_right_fist
image_open&close_right_fist
image_open&close_right_fist
image_open&close_right_fist
image_open&close_right_fist
image_open&close_right_fist
image_open&close_right_fist
image_open&close_right_fist
image_open&close_right_fist
image_open&close_right_fist
image_open&close_right_fist
image_open&close_right_fist
image_open&close_right_fist
image_open&close_right_fist
image_open&close_right_fist
image_open&close_right_fist
image_open&close_right_fist
image_open&close_right_fist
image_open&close_right_fist
image_open&close_right_fist
image_open&close_right_fist
image_open&close_right_fist
image_open&close_right_fist
image_open&close_right_fist
image_open&close_right_fist
image_open&close_right_fist
image_open&close_right_fist
image_open&close_right_fist
image_open&close_right_fist
image_open&close_right_fist
image_open&close_right_fist
image_open&close_right_fist
image_open&close_right_fist
image_open&close_right_fist
image_open&close_right_fist
image_open&close_right_fist
image_open&close_right_fist
image_open&close_right_fist
image_open&close_right_fist
image_open&close_right_fist
image_open&close_right_fist
image_open&close_right_fist
image_open&close_right_fist
image_open&close_right_fist
image_open&close_right_fist
image_open&close_right_fist
image_open&close_right_fist
image_open&close_right_fist
image_open&close_right_fist
image_open&close_right_fist
image_open&close_right_fist
image_open&close_right_fist
image_open&close_right_fist
image_open&close_right_fist
image_open&close_right_fist
image_open&close_right_fist
image_open&close_right_fist
image_open&close_right_fist
image_open&close_right_fist
image_open&close_right_fist
image_open&close_right_fist
image_open&close_right_fist
image_open&close_right_fist
image_open&close_right_fist
image_open&close_right_fist
image_open&close_right_fist
image_open&close_right_fist
image_open&close_right_fist
image_open&close_right_fist
image_open&close_right_fist
image_open&close_right_fist
image_open&close_right_fist
image_open&close_right_fist
image_open&close_right_fist
image_open&close_right_fist
image_open&close_right_fist
image_open&close_right_fist
image_open&close_right_fist
image_open&close_right_fist
image_open&close_right_fist
image_open&close_right_fist
image_open&close_right_fist
image_open&close_right_fist
image_open&close_right_fist
image_open&close_right_fist
image_open&close_right_fist
image_open&close_right_fist
image_open&close_right_fist
image_open&close_right_fist
image_open&close_right_fist
image_open&close_right_fist
image_open&close_right_fist
image_open&close_right_fist
image_open&close_right_fist
image_open&close_right_fist
image_open&close_right_fist
image_open&close_right_fist
image_open&close_right_fist
image_open&close_right_fist
image_open&close_right_fist
image_open&close_right_fist
image_open&close_right_fist
image_open&close_right_fist
image_open&close_right_fist
image_open&close_right_fist
image_open&close_right_fist
image_open&close_right_fist
image_open&close_right_fist
image_open&close_right_fist
image_open&close_right_fist
image_open&close_right_fist
image_open&close_right_fist
image_open&close_right_fist
image_open&close_right_fist
image_open&close_right_fist
image_open&close_right_fist
image_open&close_right_fist
image_open&close_right_fist
image_open&close_right_fist
image_open&close_right_fist
image_open&close_right_fist
image_open&close_right_fist
image_open&close_right_fist
image_open&close_right_fist
image_open&close_right_fist
image_open&close_right_fist
image_open&close_right_fist
image_open&close_right_fist
image_open&close_right_fist
image_open&close_right_fist
image_open&close_right_fist
image_open&close_right_fist
image_open&close_right_fist
image_open&close_right_fist
image_open&close_right_fist
image_open&close_right_fist
image_open&close_right_fist
image_open&close_right_fist
image_open&close_right_fist
image_open&close_right_fist
image_open&close_right_fist
image_open&close_right_fist
image_open&close_right_fist
image_open&close_right_fist
image_open&close_right_fist
image_open&close_right_fist
image_open&close_right_fist
image_open&close_right_fist
image_open&close_right_fist
image_open&close_right_fist
image_open&close_right_fist
image_open&close_right_fist
image_open&close_right_fist
image_open&close_right_fist
image_open&close_right_fist
image_open&close_right_fist
image_open&close_right_fist
image_open&close_right_fist
image_open&close_right_fist
image_open&close_right_fist
image_open&close_right_fist
image_open&close_right_fist
image_open&close_right_fist
image_open&close_right_fist
image_open&close_right_fist
image_open&close_right_fist
image_open&close_right_fist
image_open&close_right_fist
image_open&close_right_fist
image_open&close_right_fist
image_open&close_right_fist
image_open&close_right_fist
image_open&close_right_fist
image_open&close_right_fist
image_open&close_right_fist
image_open&close_right_fist
image_open&close_right_fist
image_open&close_right_fist
image_open&close_right_fist
image_open&close_right_fist
image_open&close_right_fist
image_open&close_right_fist
image_open&close_right_fist
image_open&close_right_fist
image_open&close_right_fist
image_open&close_right_fist
image_open&close_right_fist
image_open&close_right_fist
image_open&close_right_fist
image_open&close_right_fist
image_open&close_right_fist
image_open&close_right_fist
image_open&close_right_fist
image_open&close_right_fist
image_open&close_right_fist
image_open&close_right_fist
image_open&close_right_fist
image_open&close_right_fist
image_open&close_right_fist
image_open&close_right_fist
image_open&close_right_fist
image_open&close_right_fist
image_open&close_right_fist
image_open&close_right_fist
image_open&close_right_fist
image_open&close_right_fist
image_open&close_right_fist
image_open&close_right_fist
image_open&close_right_fist
image_open&close_right_fist
image_open&close_right_fist
image_open&close_right_fist
image_open&close_right_fist
image_open&close_right_fist
image_open&close_right_fist
image_open&close_right_fist
image_open&close_right_fist
image_open&close_right_fist
image_open&close_right_fist
image_open&close_right_fist
image_open&close_right_fist
image_open&close_right_fist
image_open&close_right_fist
image_open&close_right_fist
image_open&close_right_fist
image_open&close_right_fist
image_open&close_right_fist
image_open&close_right_fist
image_open&close_right_fist
image_open&close_right_fist
image_open&close_right_fist
image_open&close_right_fist
image_open&close_right_fist
image_open&close_right_fist
image_open&close_right_fist
image_open&close_right_fist
image_open&close_right_fist
image_open&close_right_fist
image_open&close_right_fist
image_open&close_right_fist
image_open&close_right_fist
image_open&close_right_fist
image_open&close_right_fist
image_open&close_right_fist
image_open&close_right_fist
image_open&close_right_fist
image_open&close_right_fist
image_open&close_right_fist
image_open&close_right_fist
image_open&close_right_fist
image_open&close_right_fist
image_open&close_right_fist
image_open&close_right_fist
image_open&close_right_fist
image_open&close_right_fist
image_open&close_right_fist
image_open&close_right_fist
image_open&close_right_fist
image_open&close_right_fist
image_open&close_right_fist
image_open&close_right_fist
image_open&close_right_fist
image_open&close_right_fist
image_open&close_right_fist
image_open&close_right_fist
image_open&close_right_fist
image_open&close_right_fist
image_open&close_right_fist
image_open&close_right_fist
image_open&close_right_fist
image_open&close_right_fist
image_open&close_right_fist
image_open&close_right_fist
image_open&close_right_fist
image_open&close_right_fist
image_open&close_right_fist
image_open&close_right_fist
image_open&close_right_fist
image_open&close_right_fist
image_open&close_right_fist
image_open&close_right_fist
image_open&close_right_fist
image_open&close_right_fist
image_open&close_right_fist
image_open&close_right_fist
image_open&close_right_fist
image_open&close_right_fist
image_open&close_right_fist
image_open&close_right_fist
image_open&close_right_fist
image_open&close_right_fist
image_open&close_right_fist
image_open&close_right_fist
image_open&close_right_fist
image_open&close_right_fist
image_open&close_right_fist
image_open&close_right_fist
image_open&close_right_fist
image_open&close_right_fist
image_open&close_right_fist
image_open&close_right_fist
image_open&close_right_fist
image_open&close_right_fist
image_open&close_right_fist
image_open&close_right_fist
image_open&close_right_fist
image_open&close_right_fist
image_open&close_right_fist
image_open&close_right_fist
image_open&close_right_fist
image_open&close_right_fist
image_open&close_right_fist
image_open&close_right_fist
image_open&close_right_fist
image_open&close_right_fist
image_open&close_right_fist
image_open&close_right_fist
image_open&close_right_fist
image_open&close_right_fist
image_open&close_right_fist
image_open&close_right_fist
image_open&close_right_fist
image_open&close_right_fist
image_open&close_right_fist
image_open&close_right_fist
image_open&close_right_fist
image_open&close_right_fist
image_open&close_right_fist
image_open&close_right_fist
image_open&close_right_fist
image_open&close_right_fist
image_open&close_right_fist
image_open&close_right_fist
image_open&close_right_fist
image_open&close_right_fist
image_open&close_right_fist
image_open&close_right_fist
image_open&close_right_fist
image_open&close_right_fist
image_open&close_right_fist
image_open&close_right_fist
image_open&close_right_fist
image_open&close_right_fist
image_open&close_right_fist
image_open&close_right_fist
image_open&close_right_fist
image_open&close_right_fist
image_open&close_right_fist
image_open&close_right_fist
image_open&close_right_fist
image_open&close_right_fist
image_open&close_right_fist
image_open&close_right_fist
rest
rest
rest
rest
rest
rest
rest
rest
rest
rest
rest
rest
rest
rest
rest
rest
rest
rest
rest
rest
rest
rest
rest
rest
rest
rest
rest
rest
rest
rest
rest
rest
rest
rest
rest
rest
rest
rest
rest
rest
rest
rest
rest
rest
rest
rest
rest
rest
rest
rest
rest
rest
rest
rest
rest
rest
rest
rest
rest
rest
rest
rest
rest
rest
rest
rest
rest
rest
rest
rest
rest
rest
rest
rest
rest
rest
rest
rest
rest
rest
rest
rest
rest
rest
rest
rest
rest
rest
rest
rest
rest
rest
rest
rest
rest
rest
rest
rest
rest
rest
rest
rest
rest
rest
rest
rest
rest
rest
rest
rest
rest
rest
rest
rest
rest
rest
rest
rest
rest
rest
rest
rest
rest
rest
rest
rest
rest
rest
rest
rest
rest
rest
rest
rest
rest
rest
rest
rest
rest
rest
rest
rest
rest
rest
rest
rest
rest
rest
rest
rest
rest
rest
rest
rest
rest
rest
rest
rest
rest
rest
rest
rest
rest
rest
rest
rest
rest
rest
rest
rest
rest
rest
rest
rest
rest
rest
rest
rest
rest
rest
rest
rest
rest
rest
rest
rest
rest
rest
rest
rest
rest
rest
rest
rest
rest
rest
rest
rest
rest
rest
rest
rest
rest
rest
rest
rest
rest
rest
rest
rest
rest
rest
rest
rest
rest
rest
rest
rest
rest
rest
rest
rest
rest
rest
rest
rest
rest
rest
rest
rest
rest
rest
rest
rest
rest
rest
rest
rest
rest
rest
rest
rest
rest
rest
rest
rest
rest
rest
rest
rest
rest
rest
rest
rest
rest
rest
rest
rest
rest
rest
rest
rest
rest
rest
rest
rest
rest
rest
rest
rest
rest
rest
rest
rest
rest
rest
rest
rest
rest
rest
rest
rest
rest
rest
rest
rest
rest
rest
rest
rest
rest
rest
rest
rest
rest
rest
rest
rest
rest
rest
rest
rest
rest
rest
rest
rest
rest
rest
rest
rest
rest
rest
rest
rest
rest
rest
rest
rest
rest
rest
rest
rest
rest
rest
rest
rest
rest
rest
rest
rest
rest
rest
rest
rest
rest
rest
rest
rest
rest
rest
rest
rest
rest
rest
rest
rest
rest
rest
rest
rest
rest
rest
rest
rest
rest
rest
rest
rest
rest
rest
rest
rest
rest
rest
rest
rest
rest
rest
rest
rest
rest
rest
rest
rest
rest
rest
rest
rest
rest
rest
rest
rest
rest
rest
rest
rest
rest
rest
rest
rest
rest
rest
rest
rest
rest
rest
rest
rest
rest
rest
rest
rest
rest
rest
rest
rest
rest
rest
rest
rest
rest
rest
rest
rest
rest
rest
rest
rest
rest
rest
rest
rest
rest
rest
rest
rest
rest
rest
rest
rest
rest
rest
rest
rest
rest
rest
rest
rest
rest
rest
rest
rest
rest
rest
rest
rest
rest
rest
rest
rest
rest
rest
rest
rest
rest
rest
rest
rest
rest
rest
rest
rest
rest
rest
rest
rest
rest
rest
rest
rest
rest
rest
rest
rest
rest
rest
rest
rest
rest
rest
rest
rest
rest
rest
rest
rest
rest
rest
rest
rest
rest
rest
rest
rest
rest
rest
rest
rest
rest
rest
rest
rest
rest
rest
rest
rest
rest
rest
rest
rest
rest
rest
rest
rest
rest
rest
rest
rest
rest
rest
rest
rest
rest
rest
rest
rest
rest
rest
rest
rest
rest
rest
rest
rest
rest
rest
rest
rest
rest
rest
rest
rest
rest
rest
rest
rest
rest
rest
rest
rest
rest
rest
rest
rest
rest
rest
rest
rest
rest
rest
rest
rest
rest
rest
rest
rest
rest
rest
rest
rest
rest
rest
rest
rest
rest
rest
rest
rest
rest
rest
rest
rest
rest
rest
rest
rest
rest
rest
rest
rest
rest
rest
rest
rest
rest
rest
rest
rest
rest
rest
rest
rest
rest
rest
rest
rest
rest
rest
rest
rest
rest
rest
rest
rest
rest
rest
rest
rest
rest
rest
rest
rest
rest
rest
rest
rest
rest
rest
rest
rest
rest
rest
rest
rest
rest
rest
rest
rest
rest
rest
rest
rest
rest
rest
rest
rest
rest
rest
rest
rest
rest
rest
rest
rest
rest
rest
rest
rest
rest
rest
rest
rest
rest
rest
rest
rest
rest
rest
rest
rest
rest
rest
rest
rest
rest
rest
rest
rest
rest
rest
rest
rest
rest
rest
rest
rest
rest
rest
rest
rest
rest
rest
rest
rest
rest
rest
rest
rest
rest
rest
rest
rest
rest
rest
rest
rest
rest
rest
rest
rest
rest
rest
rest
rest
rest
rest
rest
rest
rest
rest
rest
rest
rest
rest
rest
rest
rest
rest
rest
rest
rest
rest
rest
rest
rest
rest
rest
rest
rest
rest
rest
rest
rest
rest
rest
rest
rest
rest
rest
rest
rest
rest
rest
rest
rest
rest
rest
rest
rest
rest
rest
rest
rest
rest
rest
rest
rest
rest
rest
rest
rest
rest
rest
rest
rest
rest
rest
rest
rest
rest
rest
rest
rest
rest
rest
rest
rest
rest
rest
rest
rest
rest
rest
rest
rest
rest
rest
rest
rest
rest
rest
rest
rest
rest
rest
rest
rest
rest
rest
rest
rest
rest
rest
rest
rest
rest
rest
rest
rest
rest
rest
rest
rest
rest
rest
rest
rest
rest
rest
rest
rest
rest
rest
rest
rest
rest
rest
rest
rest
rest
rest
rest
rest
rest
rest
rest
rest
rest
rest
rest
rest
rest
rest
rest
rest
rest
rest
rest
rest
rest
rest
rest
rest
rest
rest
rest
rest
rest
rest
rest
rest
rest
rest
rest
rest
rest
rest
rest
rest
rest
rest
rest
rest
rest
rest
rest
rest
rest
rest
rest
rest
rest
rest
rest
rest
rest
rest
rest
rest
rest
rest
rest
rest
rest
rest
rest
rest
rest
rest
rest
rest
rest
rest
rest
rest
rest
rest
rest
rest
rest
rest
rest
rest
rest
rest
rest
rest
rest
rest
rest
rest
rest
rest
rest
rest
rest
rest
rest
rest
rest
rest
rest
rest
rest
rest
rest
rest
rest
rest
rest
rest
rest
rest
rest
rest
rest
rest
rest
rest
rest
rest
rest
rest
rest
rest
rest
rest
rest
rest
rest
rest
rest
rest
rest
rest
rest
rest
rest
rest
rest
rest
rest
rest
rest
rest
rest
rest
rest
rest
rest
rest
rest
rest
rest
rest
rest
rest
rest
rest
rest
rest
rest
rest
rest
rest
rest
rest
rest
rest
rest
rest
rest
rest
rest
rest
rest
rest
rest
rest
rest
rest
rest
rest
rest
rest
rest
rest
rest
rest
rest
rest
rest
rest
rest
rest
rest
rest
rest
rest
rest
rest
rest
rest
rest
rest
rest
rest
rest
rest
rest
rest
rest
rest
rest
rest
rest
rest
rest
rest
rest
rest
rest
rest
rest
rest
rest
rest
rest
rest
rest
rest
rest
rest
rest
rest
rest
rest
rest
rest
rest
rest
rest
rest
rest
rest
rest
rest
rest
rest
rest
rest
rest
rest
rest
rest
rest
rest
rest
rest
rest
rest
rest
rest
rest
rest
rest
rest
rest
rest
rest
rest
rest
rest
rest
rest
rest
rest
rest
rest
rest
rest
rest
rest
rest
rest
rest
rest
rest
rest
rest
rest
rest
rest
rest
rest
rest
rest
rest
rest
rest
rest
rest
rest
rest
rest
rest
rest
rest
rest
rest
rest
rest
rest
rest
rest
rest
rest
rest
rest
rest
rest
rest
rest
rest
rest
rest
rest
rest
rest
rest
rest
rest
rest
rest
rest
rest
rest
rest
rest
rest
rest
rest
rest
rest
rest
rest
rest
rest
rest
rest
rest
rest
rest
rest
rest
rest
rest
rest
rest
rest
rest
rest
rest
rest
rest
rest
rest
rest
rest
rest
rest
rest
rest
rest
rest
rest
rest
rest
rest
rest
rest
rest
rest
rest
rest
rest
rest
rest
rest
rest
rest
rest
rest
rest
rest
rest
rest
rest
rest
rest
rest
rest
rest
rest
rest
rest
rest
rest
rest
rest
rest
rest
rest
rest
rest
rest
rest
rest
rest
rest
rest
rest
rest
rest
rest
rest
rest
rest
rest
rest
rest
rest
rest
rest
rest
rest
rest
rest
rest
rest
rest
rest
rest
rest
rest
rest
rest
rest
rest
rest
rest
rest
rest
rest
rest
rest
rest
rest
rest
rest
rest
rest
rest
rest
rest
rest
rest
rest
rest
rest
rest
rest
rest
rest
rest
rest
rest
rest
rest
rest
rest
rest
rest
rest
rest
rest
rest
rest
rest
rest
rest
rest
rest
rest
rest
rest
rest
rest
rest
rest
rest
rest
rest
rest
rest
rest
rest
rest
rest
rest
rest
rest
rest
rest
rest
rest
rest
rest
rest
rest
rest
rest
rest
rest
rest
rest
rest
rest
rest
rest
rest
rest
rest
rest
rest
rest
rest
rest
rest
rest
rest
rest
rest
rest
rest
rest
rest
rest
rest
rest
rest
rest
rest
rest
rest
rest
rest
rest
rest
rest
rest
rest
rest
rest
rest
rest
rest
rest
rest
rest
rest
rest
rest
rest
rest
rest
rest
rest
rest
rest
rest
rest
rest
rest
rest
rest
rest
rest
rest
rest
rest
rest
rest
rest
rest
rest
rest
rest
rest
rest
rest
rest
rest
rest
rest
rest
rest
rest
rest
rest
rest
rest
rest
rest
rest
rest
rest
rest
rest
rest
rest
rest
rest
rest
rest
rest
rest
rest
rest
rest
rest
rest
rest
rest
rest
rest
rest
rest
rest
rest
rest
rest
rest
rest
rest
rest
rest
rest
rest
rest
rest
rest
rest
rest
rest
rest
rest
rest
rest
rest
rest
rest
rest
rest
rest
rest
rest
rest
rest
rest
rest
rest
rest
rest
rest
rest
rest
rest
rest
rest
rest
rest
rest
rest
rest
rest
rest
rest
rest
rest
rest
rest
rest
rest
rest
rest
rest
rest
rest
rest
rest
rest
rest
rest
rest
rest
rest
rest
rest
rest
rest
rest
rest
rest
rest
rest
rest
rest
rest
rest
rest
rest
rest
rest
rest
rest
rest
rest
rest
rest
rest
rest
rest
rest
rest
rest
rest
rest
rest
rest
rest
rest
rest
rest
rest
rest
rest
rest
rest
rest
rest
rest
rest
rest
rest
rest
rest
rest
rest
rest
rest
rest
rest
rest
rest
rest
rest
rest
rest
rest
rest
rest
rest
rest
rest
rest
rest
rest
rest
rest
rest
rest
rest
rest
rest
rest
rest
rest
rest
rest
rest
rest
rest
rest
rest
rest
rest
rest
rest
rest
rest
rest
rest
rest
rest
rest
rest
rest
rest
rest
rest
rest
rest
rest
rest
rest
rest
rest
rest
rest
rest
rest
rest
rest
rest
rest
rest
rest
rest
rest
rest
rest
rest
rest
rest
rest
rest
rest
rest
rest
rest
rest
rest
rest
rest
rest
rest
rest
rest
rest
rest
rest
rest
rest
rest
rest
rest
rest
rest
rest
rest
rest
rest
rest
rest
rest
rest
rest
rest
rest
rest
rest
rest
rest
rest
rest
rest
rest
rest
rest
rest
rest
rest
rest
rest
rest
rest
rest
rest
rest
rest
rest
rest
rest
rest
rest
rest
rest
rest
rest
rest
rest
rest
rest
rest
rest
rest
rest
rest
rest
rest
rest
rest
rest
rest
rest
rest
rest
rest
rest
rest
rest
rest
rest
rest
rest
rest
rest
rest
rest
rest
rest
rest
rest
rest
rest
rest
rest
rest
rest
rest
rest
rest
rest
rest
rest
rest
rest
rest
rest
rest
rest
rest
rest
rest
rest
rest
rest
rest
rest
rest
rest
rest
rest
rest
rest
rest
rest
rest
rest
rest
rest
rest
rest
rest
rest
rest
rest
rest
rest
rest
rest
rest
rest
rest
rest
rest
rest
rest
rest
rest
rest
rest
rest
rest
rest
rest
rest
rest
rest
rest
rest
rest
rest
rest
rest
rest
rest
rest
rest
rest
rest
rest
rest
rest
rest
rest
rest
rest
rest
rest
rest
rest
rest
rest
rest
rest
rest
rest
rest
rest
rest
rest
rest
rest
rest
rest
rest
rest
rest
rest
rest
rest
rest
rest
rest
rest
rest
rest
rest
rest
rest
rest
rest
rest
rest
rest
rest
rest
rest
rest
rest
rest
rest
rest
rest
rest
rest
rest
rest
rest
rest
rest
rest
rest
rest
rest
rest
rest
rest
rest
rest
rest
rest
rest
rest
rest
rest
rest
rest
rest
rest
rest
rest
rest
rest
rest
rest
rest
rest
rest
rest
rest
rest
rest
rest
rest
rest
rest
rest
rest
rest
rest
rest
rest
rest
rest
rest
rest
rest
rest
rest
rest
rest
rest
rest
rest
rest
rest
rest
rest
rest
rest
rest
rest
rest
rest
rest
rest
rest
rest
rest
rest
rest
rest
rest
rest
rest
rest
rest
rest
rest
rest
rest
rest
rest
rest
rest
rest
rest
rest
rest
rest
rest
rest
rest
rest
rest
rest
rest
rest
rest
rest
rest
rest
rest
rest
rest
rest
rest
rest
rest
rest
rest
rest
rest
rest
rest
rest
rest
rest
rest
rest
rest
rest
rest
rest
rest
rest
rest
rest
rest
rest
rest
rest
rest
rest
rest
rest
rest
rest
rest
rest
rest
rest
rest
rest
rest
rest
rest
rest
rest
rest
rest
rest
rest
rest
rest
rest
rest
rest
rest
rest
rest
rest
rest
rest
rest
rest
rest
rest
rest
rest
rest
rest
rest
rest
rest
rest
rest
rest
rest
rest
rest
rest
rest
rest
rest
rest
rest
rest
rest
rest
rest
rest
rest
rest
rest
rest
rest
rest
rest
rest
rest
rest
rest
rest
rest
rest
rest
rest
rest
rest
rest
rest
rest
rest
rest
rest
rest
rest
rest
rest
rest
rest
rest
rest
rest
rest
rest
rest
rest
rest
rest
rest
rest
rest
rest
rest
rest
rest
rest
rest
rest
rest
rest
rest
rest
rest
rest
rest
rest
rest
rest
rest
rest
rest
rest
rest
rest
rest
rest
rest
rest
rest
rest
rest
rest
rest
rest
rest
rest
rest
rest
rest
rest
rest
rest
rest
rest
rest
rest
rest
rest
rest
rest
rest
rest
rest
rest
rest
rest
rest
rest
rest
rest
rest
rest
rest
rest
rest
rest
rest
rest
rest
rest
rest
rest
rest
rest
rest
rest
rest
rest
rest
rest
rest
rest
rest
rest
rest
rest
rest
rest
rest
rest
rest
rest
rest
rest
rest
rest
rest
rest
rest
rest
rest
rest
rest
rest
rest
rest
rest
rest
rest
rest
rest
rest
rest
rest
rest
rest
rest
rest
rest
rest
rest
rest
rest
rest
rest
rest
rest
rest
rest
rest
rest
rest
rest
rest
rest
rest
rest
rest
rest
rest
rest
rest
rest
rest
rest
rest
rest
rest
rest
rest
rest
rest
rest
rest
rest
rest
rest
rest
rest
rest
rest
rest
rest
rest
rest
rest
rest
rest
rest
rest
rest
rest
rest
rest
rest
rest
rest
rest
rest
rest
rest
rest
rest
rest
rest
rest
rest
rest
rest
rest
rest
rest
rest
rest
rest
rest
rest
rest
rest
rest
rest
rest
rest
rest
rest
rest
rest
rest
rest
rest
rest
rest
rest
rest
rest
rest
rest
rest
rest
rest
rest
rest
rest
rest
rest
rest
rest
rest
rest
rest
rest
rest
rest
rest
rest
rest
rest
rest
rest
rest
rest
rest
rest
rest
rest
rest
rest
rest
rest
rest
rest
rest
rest
rest
rest
rest
rest
rest
rest
rest
rest
rest
rest
rest
rest
rest
rest
rest
rest
rest
rest
rest
rest
rest
rest
rest
rest
rest
rest
rest
rest
rest
rest
rest
rest
rest
rest
rest
rest
rest
rest
rest
rest
rest
rest
rest
rest
rest
rest
rest
rest
rest
rest
rest
rest
rest
rest
rest
rest
rest
rest
rest
rest
rest
rest
rest
rest
rest
rest
rest
rest
rest
rest
rest
rest
rest
rest
rest
rest
rest
rest
rest
rest
rest
rest
rest
rest
rest
rest
rest
rest
rest
rest
rest
rest
rest
rest
rest
rest
rest
rest
rest
rest
rest
rest
rest
rest
rest
rest
rest
rest
rest
rest
rest
rest
rest
rest
rest
rest
rest
rest
rest
rest
rest
rest
rest
rest
rest
rest
rest
rest
rest
rest
rest
rest
rest
rest
rest
rest
rest
rest
rest
rest
rest
rest
rest
rest
rest
rest
rest
rest
rest
rest
rest
rest
rest
rest
rest
rest
rest
rest
rest
rest
rest
rest
rest
rest
rest
rest
rest
rest
rest
rest
rest
rest
rest
rest
rest
rest
rest
rest
rest
rest
rest
rest
rest
rest
rest
rest
rest
rest
rest
rest
rest
rest
rest
rest
rest
rest
rest
rest
rest
rest
rest
rest
rest
rest
rest
rest
rest
rest
rest
rest
rest
rest
rest
rest
rest
rest
rest
rest
rest
rest
rest
rest
rest
rest
rest
rest
rest
rest
rest
rest
rest
rest
rest
rest
rest
rest
rest
rest
rest
rest
rest
rest
rest
rest
rest
rest
rest
rest
rest
rest
rest
rest
rest
rest
rest
rest
rest
rest
rest
rest
rest
rest
rest
rest
rest
rest
rest
rest
rest
rest
rest
rest
rest
rest
rest
rest
rest
rest
rest
rest
rest
rest
rest
rest
rest
rest
rest
rest
rest
rest
rest
rest
rest
rest
rest
rest
rest
rest
rest
rest
rest
rest
rest
rest
rest
rest
rest
rest
rest
rest
rest
rest
rest
rest
rest
rest
rest
rest
rest
rest
rest
rest
rest
rest
rest
rest
rest
rest
rest
rest
rest
rest
rest
rest
rest
rest
rest
rest
rest
rest
rest
rest
rest
rest
rest
rest
rest
rest
rest
rest
rest
rest
rest
rest
rest
rest
rest
rest
rest
rest
rest
rest
rest
rest
rest
rest
rest
rest
rest
rest
rest
rest
rest
rest
rest
rest
rest
rest
rest
rest
rest
rest
rest
rest
rest
rest
rest
rest
rest
rest
rest
rest
rest
rest
rest
rest
rest
rest
rest
rest
rest
rest
rest
rest
rest
rest
rest
rest
rest
rest
rest
rest
rest
rest
rest
rest
rest
rest
rest
rest
rest
rest
rest
rest
rest
rest
rest
rest
rest
rest
rest
rest
rest
rest
rest
rest
rest
rest
rest
rest
rest
rest
rest
rest
rest
rest
rest
rest
rest
rest
rest
rest
rest
rest
rest
rest
rest
rest
rest
rest
rest
rest
rest
rest
rest
rest
rest
rest
rest
rest
rest
rest
rest
rest
rest
rest
rest
rest
rest
rest
rest
rest
rest
rest
rest
rest
rest
rest
rest
rest
rest
rest
rest
rest
rest
rest
rest
rest
rest
rest
rest
rest
rest
rest
rest
rest
rest
rest
rest
rest
rest
rest
rest
rest
rest
rest
rest
rest
rest
rest
rest
rest
rest
rest
rest
rest
rest
rest
rest
rest
rest
rest
rest
rest
rest
rest
rest
rest
rest
rest
rest
rest
rest
rest
rest
rest
rest
rest
rest
rest
rest
rest
rest
rest
rest
rest
rest
rest
rest
rest
rest
rest
rest
rest
rest
rest
rest
rest
rest
rest
rest
rest
rest
rest
rest
rest
rest
rest
rest
rest
rest
rest
rest
rest
rest
rest
rest
rest
rest
rest
rest
rest
rest
rest
rest
rest
rest
rest
rest
rest
rest
rest
rest
rest
rest
rest
rest
rest
rest
rest
rest
rest
rest
rest
rest
rest
rest
rest
rest
rest
rest
rest
rest
rest
rest
rest
rest
rest
rest
rest
rest
rest
rest
rest
rest
rest
rest
rest
rest
rest
rest
rest
rest
rest
rest
rest
rest
rest
rest
rest
rest
rest
rest
rest
rest
rest
rest
rest
rest
rest
rest
rest
rest
rest
rest
rest
rest
rest
rest
rest
rest
rest
rest
rest
rest
rest
rest
rest
rest
rest
rest
rest
rest
rest
rest
rest
rest
rest
rest
rest
rest
rest
rest
rest
rest
rest
rest
rest
rest
rest
rest
rest
rest
rest
rest
rest
rest
rest
rest
rest
rest
rest
rest
rest
rest
rest
rest
rest
rest
rest
rest
rest
rest
rest
rest
rest
rest
rest
rest
rest
rest
rest
rest
rest
rest
rest
rest
rest
rest
rest
rest
rest
rest
rest
rest
rest
rest
rest
rest
rest
rest
rest
rest
rest
rest
rest
rest
rest
rest
rest
rest
rest
rest
rest
rest
rest
rest
rest
rest
rest
rest
rest
rest
rest
rest
rest
rest
rest
rest
rest
rest
rest
rest
rest
rest
rest
rest
rest
rest
rest
rest
rest
rest
rest
rest
rest
rest
rest
rest
rest
rest
rest
rest
rest
rest
rest
rest
rest
rest
rest
rest
rest
rest
rest
rest
rest
rest
rest
rest
rest
rest
rest
rest
rest
rest
rest
rest
rest
rest
rest
rest
rest
rest
rest
rest
rest
rest
rest
rest
rest
rest
rest
rest
rest
rest
rest
rest
rest
rest
rest
rest
rest
rest
rest
rest
rest
rest
rest
rest
rest
rest
rest
rest
rest
rest
rest
rest
rest
rest
rest
rest
rest
rest
rest
rest
rest
rest
rest
rest
rest
rest
rest
rest
rest
rest
rest
rest
rest
rest
rest
rest
rest
rest
rest
rest
rest
rest
rest
rest
rest
rest
rest
rest
rest
rest
rest
rest
rest
rest
rest
rest
rest
rest
rest
rest
rest
rest
rest
rest
rest
rest
rest
rest
rest
rest
rest
rest
rest
rest
rest
rest
rest
rest
rest
rest
rest
rest
rest
rest
rest
rest
rest
rest
rest
rest
rest
rest
rest
rest
rest
rest
rest
rest
rest
rest
rest
rest
rest
rest
rest
rest
rest
rest
rest
rest
rest
rest
rest
rest
rest
rest
rest
rest
rest
rest
rest
rest
rest
rest
rest
rest
rest
rest
rest
rest
rest
rest
rest
rest
rest
rest
rest
rest
rest
rest
rest
rest
rest
rest
rest
rest
rest
rest
rest
rest
rest
rest
rest
rest
rest
rest
rest
rest
rest
rest
rest
rest
rest
rest
rest
rest
rest
rest
rest
rest
rest
rest
rest
rest
rest
rest
rest
rest
rest
rest
rest
rest
rest
rest
rest
rest
rest
rest
rest
rest
rest
rest
rest
rest
rest
rest
rest
rest
rest
rest
rest
rest
rest
rest
rest
rest
rest
rest
rest
rest
rest
rest
rest
rest
rest
rest
rest
rest
rest
rest
rest
rest
rest
rest
rest
rest
rest
rest
rest
rest
rest
rest
rest
rest
rest
rest
rest
rest
rest
rest
rest
rest
rest
rest
rest
rest
rest
rest
rest
rest
rest
rest
rest
rest
rest
rest
rest
rest
rest
rest
rest
rest
rest
rest
rest
rest
rest
rest
rest
rest
rest
rest
rest
rest
rest
rest
rest
rest
rest
rest
rest
rest
rest
rest
rest
rest
rest
rest
rest
rest
rest
rest
rest
rest
rest
rest
rest
rest
rest
rest
rest
rest
rest
rest
rest
rest
rest
rest
rest
rest
rest
rest
rest
rest
rest
rest
rest
rest
rest
rest
rest
rest
rest
rest
rest
rest
rest
rest
rest
rest
rest
rest
rest
rest
rest
rest
rest
rest
rest
rest
rest
rest
rest
rest
rest
rest
rest
rest
rest
rest
rest
rest
rest
rest
rest
rest
rest
rest
rest
rest
rest
rest
rest
rest
rest
rest
rest
rest
rest
rest
rest
rest
rest
rest
rest
rest
rest
rest
rest
rest
rest
rest
rest
rest
rest
rest
rest
rest
rest
rest
rest
rest
rest
rest
rest
rest
rest
rest
rest
rest
rest
rest
rest
rest
rest
rest
rest
rest
rest
rest
rest
rest
rest
rest
rest
rest
rest
rest
rest
rest
rest
rest
rest
rest
rest
rest
rest
rest
rest
rest
rest
rest
rest
rest
rest
rest
rest
rest
rest
rest
rest
rest
rest
rest
rest
rest
rest
rest
rest
rest
rest
rest
rest
rest
rest
rest
rest
rest
rest
rest
rest
rest
rest
rest
rest
rest
rest
rest
rest
rest
rest
rest
rest
rest
rest
rest
rest
rest
rest
rest
rest
rest
rest
rest
rest
rest
rest
rest
rest
rest
rest
rest
rest
rest
rest
rest
rest
rest
rest
rest
rest
rest
rest
rest
rest
rest
rest
rest
rest
rest
rest
rest
rest
rest
rest
rest
rest
rest
rest
rest
rest
rest
rest
rest
rest
rest
rest
rest
rest
rest
rest
rest
rest
rest
rest
rest
rest
rest
rest
rest
rest
rest
rest
rest
rest
rest
rest
rest
rest
rest
rest
rest
rest
rest
rest
rest
rest
rest
rest
rest
rest
rest
rest
rest
rest
rest
rest
rest
rest
rest
rest
rest
rest
rest
rest
rest
rest
rest
rest
rest
rest
rest
rest
rest
rest
rest
rest
rest
rest
rest
rest
rest
rest
rest
rest
rest
rest
rest
rest
rest
rest
rest
rest
rest
rest
rest
rest
rest
rest
rest
rest
rest
rest
rest
rest
rest
rest
rest
rest
rest
rest
rest
rest
rest
rest
rest
rest
rest
rest
rest
rest
rest
rest
rest
rest
rest
rest
rest
rest
rest
rest
rest
rest
rest
rest
rest
rest
rest
rest
rest
rest
rest
rest
rest
rest
rest
rest
rest
rest
rest
rest
rest
rest
rest
rest
rest
rest
rest
rest
rest
rest
rest
rest
rest
rest
rest
rest
rest
rest
rest
rest
rest
rest
rest
rest
rest
rest
rest
rest
rest
rest
rest
rest
rest
rest
rest
rest
rest
rest
rest
rest
rest
rest
rest
rest
rest
rest
rest
rest
rest
rest
rest
rest
rest
rest
rest
rest
rest
rest
rest
rest
rest
rest
rest
rest
rest
rest
rest
rest
rest
rest
rest
rest
rest
rest
rest
rest
rest
rest
rest
rest
rest
rest
rest
rest
rest
rest
rest
rest
rest
rest
rest
rest
rest
rest
rest
rest
rest
rest
rest
rest
rest
rest
rest
rest
rest
rest
rest
rest
rest
rest
rest
rest
rest
rest
rest
rest
rest
rest
rest
rest
rest
rest
rest
rest
rest
rest
rest
rest
rest
rest
rest
rest
rest
rest
rest
rest
rest
rest
rest
rest
rest
rest
rest
rest
rest
rest
rest
rest
rest
rest
rest
rest
rest
rest
rest
rest
rest
rest
rest
rest
rest
rest
rest
rest
rest
rest
rest
rest
rest
rest
rest
rest
rest
rest
rest
rest
rest
rest
rest
rest
rest
rest
rest
rest
rest
rest
rest
rest
rest
rest
rest
rest
rest
rest
rest
rest
rest
rest
rest
rest
rest
rest
rest
rest
rest
rest
rest
rest
rest
rest
rest
rest
rest
rest
rest
rest
rest
rest
rest
rest
rest
rest
rest
rest
rest
rest
rest
rest
rest
rest
rest
rest
rest
rest
rest
rest
rest
rest
rest
rest
rest
rest
rest
rest
rest
rest
rest
rest
rest
rest
rest
rest
rest
rest
rest
rest
rest
rest
rest
rest
rest
rest
rest
rest
rest
rest
rest
rest
rest
rest
rest
rest
rest
rest
rest
rest
rest
rest
rest
rest
rest
rest
rest
rest
rest
rest
rest
rest
rest
rest
rest
rest
rest
rest
rest
rest
rest
rest
rest
rest
rest
rest
rest
rest
rest
rest
rest
rest
rest
rest
rest
rest
rest
rest
rest
rest
rest
rest
rest
rest
rest
rest
rest
rest
rest
rest
rest
rest
rest
rest
rest
rest
rest
rest
rest
rest
rest
rest
rest
rest
rest
rest
rest
rest
rest
rest
rest
rest
rest
rest
rest
rest
rest
rest
rest
rest
rest
rest
rest
rest
rest
rest
rest
rest
rest
rest
rest
rest
rest
rest
rest
rest
rest
rest
rest
rest
rest
rest
rest
rest
rest
rest
rest
rest
rest
rest
rest
rest
rest
rest
rest
rest
rest
rest
rest
rest
rest
rest
rest
rest
rest
rest
rest
rest
rest
rest
rest
rest
rest
rest
rest
rest
rest
rest
rest
rest
rest
rest
rest
rest
rest
rest
rest
rest
rest
rest
rest
rest
rest
rest
rest
rest
rest
rest
rest
rest
rest
rest
rest
rest
rest
rest
rest
rest
rest
rest
rest
rest
rest
rest
rest
rest
rest
rest
rest
rest
rest
rest
rest
rest
rest
rest
rest
rest
rest
rest
rest
rest
rest
rest
rest
rest
rest
rest
rest
rest
rest
rest
rest
rest
rest
rest
rest
rest
rest
rest
rest
rest
rest
rest
rest
rest
rest
rest
rest
rest
rest
rest
rest
rest
rest
rest
rest
rest
rest
rest
rest
rest
rest
rest
rest
rest
rest
rest
rest
rest
rest
rest
rest
rest
rest
rest
rest
rest
rest
rest
rest
rest
rest
rest
rest
rest
rest
rest
rest
rest
rest
rest
rest
rest
rest
rest
rest
rest
rest
rest
rest
rest
rest
rest
rest
rest
rest
rest
rest
rest
rest
rest
rest
rest
rest
rest
rest
rest
rest
rest
rest
rest
rest
rest
rest
rest
rest
rest
rest
rest
rest
rest
rest
rest
rest
rest
rest
rest
rest
rest
rest
rest
rest
rest
rest
rest
rest
rest
rest
rest
rest
rest
rest
rest
rest
rest
rest
rest
rest
rest
rest
rest
rest
rest
rest
rest
rest
rest
rest
rest
rest
rest
rest
rest
rest
rest
rest
rest
rest
rest
rest
rest
rest
rest
rest
rest
rest
rest
rest
rest
rest
rest
rest
rest
rest
rest
rest
rest
rest
rest
rest
rest
rest
rest
rest
rest
rest
rest
rest
rest
rest
rest
rest
rest
rest
rest
rest
rest
rest
rest
rest
rest
rest
rest
rest
rest
rest
rest
rest
rest
rest
rest
rest
rest
rest
rest
rest
rest
rest
rest
rest
rest
rest
rest
rest
rest
rest
rest
rest
rest
rest
rest
rest
rest
rest
rest
rest
rest
rest
rest
rest
rest
rest
rest
rest
rest
rest
rest
rest
rest
rest
rest
rest
rest
rest
rest
rest
rest
rest
rest
rest
rest
rest
rest
rest
rest
rest
rest
rest
rest
rest
rest
rest
rest
rest
rest
rest
rest
rest
rest
rest
rest
rest
rest
rest
rest
rest
rest
rest
rest
rest
rest
rest
rest
rest
rest
rest
rest
rest
rest
rest
rest
rest
rest
rest
rest
rest
rest
rest
rest
rest
rest
rest
rest
rest
rest
rest
rest
rest
rest
rest
rest
rest
rest
rest
rest
rest
rest
rest
rest
rest
rest
rest
rest
rest
rest
rest
rest
rest
rest
rest
rest
rest
rest
rest
rest
rest
rest
rest
rest
rest
rest
rest
rest
rest
rest
rest
rest
rest
rest
rest
rest
rest
rest
rest
rest
rest
rest
rest
rest
rest
rest
rest
rest
rest
rest
rest
rest
rest
rest
rest
rest
rest
rest
rest
rest
rest
rest
rest
rest
rest
rest
rest
rest
rest
rest
rest
rest
rest
rest
rest
rest
rest
rest
rest
rest
rest
rest
rest
rest
rest
rest
rest
rest
rest
rest
rest
rest
rest
rest
rest
rest
rest
rest
rest
rest
rest
rest
rest
rest
rest
rest
rest
rest
rest
rest
rest
rest
rest
rest
rest
rest
rest
rest
rest
rest
rest
rest
rest
rest
rest
rest
rest
rest
rest
rest
rest
rest
rest
rest
rest
rest
rest
rest
rest
rest
rest
rest
rest
rest
rest
rest
rest
rest
rest
rest
rest
rest
rest
rest
rest
rest
rest
rest
rest
rest
rest
rest
rest
rest
rest
rest
rest
rest
rest
rest
rest
rest
rest
rest
rest
rest
rest
rest
rest
rest
rest
rest
rest
rest
rest
rest
rest
rest
rest
rest
rest
rest
rest
rest
rest
rest
rest
rest
rest
rest
rest
rest
rest
rest
rest
rest
rest
rest
rest
rest
rest
rest
rest
rest
rest
rest
rest
rest
rest
rest
rest
rest
rest
rest
rest
rest
rest
rest
rest
rest
rest
rest
rest
rest
rest
rest
rest
rest
rest
rest
rest
rest
rest
rest
rest
rest
rest
rest
rest
rest
rest
rest
rest
rest
rest
rest
rest
rest
rest
rest
rest
rest
rest
rest
rest
rest
rest
rest
rest
rest
rest
rest
rest
rest
rest
rest
rest
rest
rest
rest
rest
rest
rest
rest
rest
rest
rest
rest
rest
rest
rest
rest
rest
rest
rest
rest
rest
rest
rest
rest
rest
rest
rest
rest
rest
rest
rest
rest
rest
rest
rest
rest
rest
rest
rest
rest
rest
rest
rest
rest
rest
rest
rest
rest
rest
rest
rest
rest
rest
rest
rest
rest
rest
rest
rest
rest
rest
rest
rest
rest
rest
rest
rest
rest
rest
rest
rest
rest
rest
rest
rest
rest
rest
rest
rest
rest
rest
rest
rest
rest
rest
rest
rest
rest
rest
rest
rest
rest
rest
rest
rest
rest
rest
rest
rest
rest
rest
rest
rest
rest
rest
rest
rest
rest
rest
rest
rest
rest
rest
rest
rest
rest
rest
rest
rest
rest
rest
rest
rest
rest
rest
rest
rest
rest
rest
rest
rest
rest
rest
rest
rest
rest
rest
rest
rest
rest
rest
rest
rest
rest
rest
rest
rest
rest
rest
rest
rest
rest
rest
rest
rest
rest
rest
rest
rest
rest
rest
rest
rest
rest
rest
rest
rest
rest
rest
rest
rest
rest
rest
rest
rest
rest
rest
rest
rest
rest
rest
rest
rest
rest
rest
rest
rest
rest
rest
rest
rest
rest
rest
rest
rest
rest
rest
rest
rest
rest
rest
rest
rest
rest
rest
rest
rest
rest
rest
rest
rest
rest
rest
rest
rest
rest
rest
rest
rest
rest
rest
rest
rest
rest
rest
rest
rest
rest
rest
rest
rest
rest
rest
rest
rest
rest
rest
rest
rest
rest
rest
rest
rest
rest
rest
rest
rest
rest
rest
rest
rest
rest
rest
rest
rest
rest
rest
rest
rest
rest
rest
rest
rest
rest
rest
rest
rest
rest
rest
rest
rest
rest
rest
rest
rest
rest
rest
rest
rest
rest
rest
rest
rest
rest
rest
rest
rest
rest
rest
rest
rest
rest
rest
rest
rest
rest
rest
rest
rest
rest
rest
rest
rest
rest
rest
rest
rest
rest
rest
rest
rest
rest
rest
rest
rest
rest
rest
rest
rest
rest
rest
rest
rest
rest
rest
rest
rest
rest
rest
rest
rest
rest
rest
rest
rest
rest
rest
rest
rest
rest
rest
rest
rest
rest
rest
rest
rest
rest
rest
rest
rest
rest
rest
rest
rest
rest
rest
rest
rest
rest
rest
rest
rest
rest
rest
rest
rest
rest
rest
rest
rest
rest
rest
rest
rest
rest
rest
rest
rest
rest
rest
rest
rest
rest
rest
rest
rest
rest
rest
rest
rest
rest
rest
rest
rest
rest
rest
rest
rest
rest
rest
rest
rest
rest
rest
rest
rest
rest
rest
rest
rest
rest
rest
rest
rest
rest
rest
rest
rest
rest
rest
rest
rest
rest
rest
rest
rest
rest
rest
rest
rest
rest
rest
rest
rest
rest
rest
rest
rest
rest
rest
rest
rest
rest
rest
rest
rest
rest
rest
rest
rest
rest
rest
rest
rest
rest
rest
rest
rest
rest
rest
rest
rest
rest
rest
rest
rest
rest
rest
rest
rest
rest
rest
rest
rest
rest
rest
rest
rest
rest
rest
rest
rest
rest
rest
rest
rest
rest
rest
rest
rest
rest
rest
rest
rest
rest
rest
rest
rest
rest
rest
rest
rest
rest
rest
rest
rest
rest
rest
rest
rest
rest
rest
rest
rest
rest
rest
rest
rest
rest
rest
rest
rest
rest
rest
rest
rest
rest
rest
rest
rest
rest
rest
rest
rest
rest
rest
rest
rest
rest
rest
rest
rest
rest
rest
rest
rest
rest
rest
rest
rest
rest
rest
rest
rest
rest
rest
rest
rest
rest
rest
rest
rest
rest
rest
rest
rest
rest
rest
rest
rest
rest
rest
rest
rest
rest
rest
rest
rest
rest
rest
rest
rest
rest
rest
rest
rest
rest
rest
rest
rest
rest
rest
rest
rest
rest
rest
rest
rest
rest
rest
rest
rest
rest
rest
rest
rest
rest
rest
rest
rest
rest
rest
rest
rest
rest
rest
rest
rest
rest
rest
rest
rest
rest
rest
rest
rest
rest
rest
rest
rest
rest
rest
rest
rest
rest
rest
rest
rest
rest
rest
rest
rest
rest
rest
rest
rest
rest
rest
rest
rest
rest
rest
rest
rest
rest
rest
rest
rest
rest
rest
rest
rest
rest
rest
rest
rest
rest
rest
rest
rest
rest
rest
rest
rest
rest
rest
rest
rest
rest
rest
rest
rest
rest
rest
rest
rest
rest
rest
rest
rest
rest
rest
rest
rest
rest
rest
rest
rest
rest
rest
rest
rest
rest
rest
rest
rest
rest
rest
rest
rest
rest
rest
rest
rest
rest
rest
rest
rest
rest
rest
rest
rest
rest
rest
rest
rest
rest
rest
rest
rest
rest
rest
rest
rest
rest
rest
rest
rest
rest
rest
rest
rest
rest
rest
rest
rest
rest
rest
rest
rest
rest
rest
rest
rest
rest
rest
rest
rest
rest
rest
rest
rest
rest
rest
rest
rest
rest
rest
rest
rest
rest
rest
rest
rest
rest
rest
rest
rest
rest
rest
rest
rest
rest
rest
rest
rest
rest
rest
rest
rest
rest
rest
rest
rest
rest
rest
rest
rest
rest
rest
rest
rest
rest
rest
rest
rest
rest
rest
rest
rest
rest
rest
rest
rest
rest
rest
rest
rest
rest
rest
rest
rest
rest
rest
rest
rest
rest
rest
rest
rest
rest
rest
rest
rest
rest
rest
rest
rest
rest
rest
rest
rest
rest
rest
rest
rest
rest
rest
rest
rest
rest
rest
rest
rest
rest
rest
rest
rest
rest
rest
rest
rest
rest
rest
rest
rest
rest
rest
rest
rest
rest
rest
rest
rest
rest
rest
rest
rest
rest
rest
rest
rest
rest
rest
rest
rest
rest
rest
rest
rest
rest
rest
rest
rest
rest
rest
rest
rest
rest
rest
rest
rest
rest
rest
rest
rest
rest
rest
rest
rest
rest
rest
rest
rest
rest
rest
rest
rest
rest
rest
rest
rest
rest
rest
rest
rest
rest
rest
rest
rest
rest
rest
rest
rest
rest
rest
rest
rest
rest
rest
rest
rest
rest
rest
rest
rest
rest
rest
rest
rest
rest
rest
rest
rest
rest
rest
rest
rest
rest
rest
rest
rest
rest
rest
rest
rest
rest
rest
rest
rest
rest
rest
rest
rest
rest
rest
rest
rest
rest
rest
rest
rest
rest
rest
rest
rest
rest
rest
rest
rest
rest
rest
rest
rest
rest
rest
rest
rest
rest
rest
rest
rest
rest
rest
rest
rest
rest
rest
rest
rest
rest
rest
rest
rest
rest
rest
rest
rest
rest
rest
rest
rest
rest
rest
rest
rest
rest
rest
rest
rest
rest
rest
rest
rest
rest
rest
rest
rest
rest
rest
rest
rest
rest
rest
rest
rest
rest
rest
rest
rest
rest
rest
rest
rest
rest
rest
rest
rest
rest
rest
rest
rest
rest
rest
rest
rest
rest
rest
rest
rest
rest
rest
rest
rest
rest
rest
rest
rest
rest
rest
rest
rest
rest
rest
rest
rest
rest
rest
rest
rest
rest
rest
rest
rest
rest
rest
rest
rest
rest
rest
rest
rest
rest
rest
rest
rest
rest
rest
rest
rest
rest
rest
rest
rest
rest
rest
rest
rest
rest
rest
rest
rest
rest
rest
rest
rest
rest
rest
rest
rest
rest
rest
rest
rest
rest
rest
rest
rest
rest
rest
rest
rest
rest
rest
rest
rest
rest
rest
rest
rest
rest
rest
rest
rest
rest
rest
rest
rest
rest
rest
rest
rest
rest
rest
rest
rest
rest
rest
rest
rest
rest
rest
rest
rest
rest
rest
rest
rest
rest
rest
rest
rest
rest
rest
rest
rest
rest
rest
rest
rest
rest
rest
rest
rest
rest
rest
rest
rest
rest
rest
rest
rest
rest
rest
rest
rest
rest
rest
rest
rest
rest
rest
rest
rest
rest
rest
rest
rest
rest
rest
rest
rest
rest
rest
rest
rest
rest
rest
rest
rest
rest
rest
rest
rest
rest
rest
rest
rest
rest
rest
rest
rest
rest
rest
rest
rest
rest
rest
rest
rest
rest
rest
rest
rest
rest
rest
rest
rest
rest
rest
rest
rest
rest
rest
rest
rest
rest
rest
rest
rest
rest
rest
rest
rest
rest
rest
rest
rest
rest
rest
rest
rest
rest
rest
rest
rest
rest
rest
rest
rest
rest
rest
rest
rest
rest
rest
rest
rest
rest
rest
rest
rest
rest
rest
rest
rest
rest
rest
rest
rest
rest
rest
rest
rest
rest
rest
rest
rest
rest
rest
rest
rest
rest
rest
rest
rest
rest
rest
rest
rest
rest
rest
rest
rest
rest
rest
rest
rest
rest
rest
rest
rest
rest
rest
rest
rest
rest
rest
rest
rest
rest
rest
rest
rest
rest
rest
rest
rest
rest
rest
rest
rest
rest
rest
rest
rest
rest
rest
rest
rest
rest
rest
rest
rest
rest
rest
rest
rest
rest
rest
rest
rest
rest
rest
rest
rest
rest
rest
rest
rest
rest
rest
rest
rest
rest
rest
rest
rest
rest
rest
rest
rest
rest
rest
rest
rest
rest
rest
rest
rest
rest
rest
rest
rest
rest
rest
rest
rest
rest
rest
rest
rest
rest
rest
rest
rest
rest
rest
rest
rest
rest
rest
rest
rest
rest
rest
rest
rest
rest
rest
rest
rest
rest
rest
rest
rest
rest
rest
rest
rest
rest
rest
rest
rest
rest
rest
rest
rest
rest
rest
rest
rest
rest
rest
rest
rest
rest
rest
rest
rest
rest
rest
rest
rest
rest
rest
rest
rest
rest
rest
rest
rest
rest
rest
rest
rest
rest
rest
rest
rest
rest
rest
rest
rest
rest
rest
rest
rest
rest
rest
rest
rest
rest
rest
rest
rest
rest
rest
rest
rest
rest
rest
rest
rest
rest
rest
rest
rest
rest
rest
rest
rest
rest
rest
rest
rest
rest
rest
rest
rest
rest
rest
rest
rest
rest
rest
rest
rest
rest
rest
rest
rest
rest
rest
rest
rest
rest
rest
rest
rest
rest
rest
rest
rest
rest
rest
rest
rest
rest
rest
rest
rest
rest
rest
rest
rest
rest
rest
rest
rest
rest
rest
rest
rest
rest
rest
rest
rest
rest
rest
rest
rest
rest
rest
rest
rest
rest
rest
rest
rest
rest
rest
rest
rest
rest
rest
rest
rest
rest
rest
rest
rest
rest
rest
rest
rest
rest
rest
rest
rest
rest
rest
rest
rest
rest
rest
rest
rest
rest
rest
rest
rest
rest
rest
rest
rest
rest
rest
rest
rest
rest
rest
rest
rest
rest
rest
rest
rest
rest
rest
rest
rest
rest
rest
rest
rest
rest
rest
rest
rest
rest
rest
rest
rest
rest
rest
rest
rest
rest
rest
rest
rest
rest
rest
rest
rest
rest
rest
rest
rest
rest
rest
rest
rest
rest
rest
rest
rest
rest
rest
rest
rest
rest
rest
rest
rest
rest
rest
rest
rest
rest
rest
rest
rest
rest
rest
rest
rest
rest
rest
rest
rest
rest
rest
rest
rest
rest
rest
rest
rest
rest
rest
rest
rest
rest
rest
rest
rest
rest
rest
rest
rest
rest
rest
rest
rest
rest
rest
rest
rest
rest
rest
rest
rest
rest
rest
rest
rest
rest
rest
rest
rest
rest
rest
rest
rest
rest
rest
rest
rest
rest
rest
rest
rest
rest
rest
rest
rest
rest
rest
rest
rest
rest
rest
rest
rest
rest
rest
rest
rest
rest
rest
rest
rest
rest
rest
rest
rest
rest
rest
rest
rest
rest
rest
rest
rest
rest
rest
rest
rest
rest
rest
rest
rest
rest
rest
rest
rest
rest
rest
rest
rest
rest
rest
rest
rest
rest
rest
rest
rest
rest
rest
rest
rest
rest
rest
rest
rest
rest
rest
rest
rest
rest
rest
rest
rest
rest
rest
rest
rest
rest
rest
rest
rest
rest
rest
rest
rest
rest
rest
rest
rest
rest
rest
rest
rest
rest
rest
rest
rest
rest
rest
rest
rest
rest
rest
rest
rest
rest
rest
rest
rest
rest
rest
rest
rest
rest
rest
rest
rest
rest
rest
rest
rest
rest
rest
rest
rest
rest
rest
rest
rest
rest
rest
rest
rest
rest
rest
rest
rest
rest
rest
rest
rest
rest
rest
rest
rest
rest
rest
rest
rest
rest
rest
rest
rest
rest
rest
rest
rest
rest
rest
rest
rest
rest
rest
rest
rest
rest
rest
rest
rest
rest
rest
rest
rest
rest
rest
rest
rest
rest
rest
rest
rest
rest
rest
rest
rest
rest
rest
rest
rest
rest
rest
rest
rest
rest
rest
rest
rest
rest
rest
rest
rest
rest
rest
rest
rest
rest
rest
rest
rest
rest
rest
rest
rest
rest
rest
rest
rest
rest
rest
rest
rest
rest
rest
rest
rest
rest
rest
rest
rest
rest
rest
rest
rest
rest
rest
rest
rest
rest
rest
rest
rest
rest
rest
rest
rest
rest
rest
rest
rest
rest
rest
rest
rest
rest
rest
rest
rest
rest
rest
rest
rest
rest
rest
rest
rest
rest
rest
rest
rest
rest
rest
rest
rest
rest
rest
rest
rest
rest
rest
rest
rest
rest
rest
rest
rest
rest
rest
rest
rest
rest
rest
rest
rest
rest
rest
rest
rest
rest
rest
rest
rest
rest
rest
rest
rest
rest
rest
rest
rest
rest
rest
rest
rest
rest
rest
rest
rest
rest
rest
rest
rest
rest
rest
rest
rest
rest
rest
rest
rest
rest
rest
rest
rest
rest
rest
rest
rest
rest
rest
rest
rest
rest
rest
rest
rest
rest
rest
rest
rest
rest
rest
rest
rest
rest
rest
rest
rest
rest
rest
rest
rest
rest
rest
rest
rest
rest
rest
rest
rest
rest
rest
rest
rest
rest
rest
rest
rest
rest
rest
rest
rest
rest
rest
rest
rest
rest
rest
rest
rest
rest
rest
rest
rest
rest
rest
rest
rest
rest
rest
rest
rest
rest
rest
rest
rest
rest
rest
rest
rest
rest
rest
rest
rest
rest
rest
rest
rest
rest
rest
rest
rest
rest
rest
rest
rest
rest
rest
rest
rest
rest
rest
rest
rest
rest
rest
rest
rest
rest
rest
rest
rest
rest
rest
rest
rest
rest
rest
rest
rest
rest
rest
rest
rest
rest
rest
rest
rest
rest
rest
rest
rest
rest
rest
rest
rest
rest
rest
rest
rest
rest
rest
rest
rest
rest
rest
rest
rest
rest
rest
rest
rest
rest
rest
rest
rest
rest
rest
rest
rest
rest
rest
rest
rest
rest
rest
rest
rest
rest
rest
rest
rest
rest
rest
rest
rest
rest
rest
rest
rest
rest
rest
rest
rest
rest
rest
rest
rest
rest
rest
rest
rest
rest
rest
rest
rest
rest
rest
rest
rest
rest
rest
rest
rest
rest
rest
rest
rest
rest
rest
rest
rest
rest
rest
rest
rest
rest
rest
rest
rest
rest
rest
rest
rest
rest
rest
rest
rest
rest
rest
rest
rest
rest
rest
rest
rest
rest
rest
rest
rest
rest
rest
rest
rest
rest
rest
rest
rest
rest
rest
rest
rest
rest
rest
rest
rest
rest
rest
rest
rest
rest
rest
rest
rest
rest
rest
rest
rest
rest
rest
rest
rest
rest
rest
rest
rest
rest
rest
rest
rest
rest
rest
rest
rest
rest
rest
rest
rest
rest
rest
rest
rest
rest
rest
rest
rest
rest
rest
rest
rest
rest
rest
rest
rest
rest
rest
rest
rest
rest
rest
rest
rest
rest
rest
rest
rest
rest
rest
rest
rest
rest
rest
rest
rest
rest
rest
rest
rest
rest
rest
rest
rest
rest
rest
rest
rest
rest
rest
rest
rest
rest
rest
rest
rest
rest
rest
rest
rest
rest
rest
rest
rest
rest
rest
rest
rest
rest
rest
rest
rest
rest
rest
rest
rest
rest
rest
rest
rest
rest
rest
rest
rest
rest
rest
rest
rest
rest
rest
rest
rest
rest
rest
rest
rest
rest
rest
rest
rest
rest
rest
rest
rest
rest
rest
rest
rest
rest
rest
rest
rest
rest
rest
rest
rest
rest
rest
rest
rest
rest
rest
rest
rest
rest
rest
rest
rest
rest
rest
rest
rest
rest
rest
rest
rest
rest
rest
rest
rest
rest
rest
rest
rest
rest
rest
rest
rest
rest
rest
rest
rest
rest
rest
rest
rest
rest
rest
rest
rest
rest
rest
rest
rest
rest
rest
rest
rest
rest
rest
rest
rest
rest
rest
rest
rest
rest
rest
rest
rest
rest
rest
rest
rest
rest
rest
rest
rest
rest
rest
rest
rest
rest
rest
rest
rest
rest
rest
rest
rest
rest
rest
rest
rest
rest
rest
rest
rest
rest
rest
rest
rest
rest
rest
rest
rest
rest
rest
rest
rest
rest
rest
rest
rest
rest
rest
rest
rest
rest
rest
rest
rest
rest
rest
rest
rest
rest
rest
rest
rest
rest
rest
rest
rest
rest
rest
rest
rest
rest
rest
rest
rest
rest
rest
rest
rest
rest
rest
rest
rest
rest
rest
rest
rest
rest
rest
rest
rest
rest
rest
rest
rest
rest
rest
rest
rest
rest
rest
rest
rest
rest
rest
rest
rest
rest
rest
rest
rest
rest
rest
rest
rest
rest
rest
rest
rest
rest
rest
rest
rest
rest
rest
rest
rest
rest
rest
rest
rest
rest
rest
rest
rest
rest
rest
rest
rest
rest
rest
rest
rest
rest
rest
rest
rest
rest
rest
rest
rest
rest
rest
rest
rest
rest
rest
rest
rest
rest
rest
rest
rest
rest
rest
rest
rest
rest
rest
rest
rest
rest
rest
rest
rest
rest
rest
rest
rest
rest
rest
rest
rest
rest
rest
rest
rest
rest
rest
rest
rest
rest
rest
rest
rest
rest
rest
rest
rest
rest
rest
rest
rest
rest
rest
rest
rest
rest
rest
rest
rest
rest
rest
rest
rest
rest
rest
rest
rest
rest
rest
rest
rest
rest
rest
rest
rest
rest
rest
rest
rest
rest
rest
rest
rest
rest
rest
rest
rest
rest
rest
rest
rest
rest
rest
rest
rest
rest
rest
rest
rest
rest
rest
rest
rest
rest
rest
rest
rest
rest
rest
rest
rest
rest
rest
rest
rest
rest
rest
rest
rest
rest
rest
rest
rest
rest
rest
rest
rest
rest
rest
rest
rest
rest
rest
rest
rest
rest
rest
rest
rest
rest
rest
rest
rest
rest
rest
rest
rest
rest
rest
rest
rest
rest
rest
rest
rest
rest
rest
rest
rest
rest
rest
rest
rest
rest
rest
rest
rest
rest
rest
rest
rest
rest
rest
rest
rest
rest
rest
rest
rest
rest
rest
rest
rest
rest
rest
rest
rest
rest
rest
rest
rest
rest
rest
rest
rest
rest
rest
rest
rest
rest
rest
rest
rest
rest
rest
rest
rest
rest
rest
rest
rest
rest
rest
rest
rest
rest
rest
rest
rest
rest
rest
rest
rest
rest
rest
rest
rest
rest
rest
rest
rest
rest
rest
rest
rest
rest
rest
rest
rest
rest
rest
rest
rest
rest
rest
rest
rest
rest
rest
rest
rest
rest
rest
rest
rest
rest
rest
rest
rest
rest
rest
rest
rest
rest
rest
rest
rest
rest
rest
rest
rest
rest
rest
rest
rest
rest
rest
rest
rest
rest
rest
rest
rest
rest
rest
rest
rest
rest
rest
rest
rest
rest
rest
rest
rest
rest
rest
rest
rest
rest
rest
rest
rest
rest
rest
rest
rest
rest
rest
rest
rest
rest
rest
rest
rest
rest
rest
rest
rest
rest
rest
rest
rest
rest
rest
rest
rest
rest
rest
rest
rest
rest
rest
rest
rest
rest
rest
rest
rest
rest
rest
rest
rest
rest
rest
rest
rest
rest
rest
rest
rest
rest
rest
rest
rest
rest
rest
rest
rest
rest
rest
rest
rest
rest
rest
rest
rest
rest
rest
rest
rest
rest
rest
rest
rest
rest
rest
rest
rest
rest
rest
rest
rest
rest
rest
rest
rest
rest
rest
rest
rest
rest
rest
rest
rest
rest
rest
rest
rest
rest
rest
rest
rest
rest
rest
rest
rest
rest
rest
rest
rest
rest
rest
rest
rest
rest
rest
rest
rest
rest
rest
rest
rest
rest
rest
rest
rest
rest
rest
rest
rest
rest
rest
rest
rest
rest
rest
rest
rest
rest
rest
rest
rest
rest
rest
rest
rest
rest
rest
rest
rest
rest
rest
rest
rest
rest
rest
rest
rest
rest
rest
rest
rest
rest
rest
rest
rest
rest
rest
rest
rest
rest
rest
rest
rest
rest
rest
rest
rest
rest
rest
rest
rest
rest
rest
rest
rest
rest
rest
rest
rest
rest
rest
rest
rest
rest
rest
rest
rest
rest
rest
rest
rest
rest
rest
rest
rest
rest
rest
rest
rest
rest
rest
rest
rest
rest
rest
rest
rest
rest
rest
rest
rest
rest
rest
rest
rest
rest
rest
rest
rest
rest
rest
rest
rest
rest
rest
rest
rest
rest
rest
rest
rest
rest
rest
rest
rest
rest
rest
rest
rest
rest
rest
rest
rest
rest
rest
rest
rest
rest
rest
rest
rest
rest
rest
rest
rest
rest
rest
rest
rest
rest
rest
rest
rest
rest
rest
rest
rest
rest
rest
rest
rest
rest
rest
rest
rest
rest
rest
rest
rest
rest
rest
rest
rest
rest
rest
rest
rest
rest
rest
rest
rest
rest
rest
rest
rest
rest
rest
rest
rest
rest
rest
rest
rest
rest
rest
rest
rest
rest
rest
rest
rest
rest
rest
rest
rest
rest
rest
rest
rest
rest
rest
rest
rest
rest
rest
rest
rest
rest
rest
rest
rest
rest
rest
rest
rest
rest
rest
rest
rest
rest
rest
rest
rest
rest
rest
rest
rest
rest
rest
rest
rest
rest
rest
rest
rest
rest
rest
rest
rest
rest
rest
rest
rest
rest
rest
rest
rest
rest
rest
rest
rest
rest
rest
rest
rest
rest
rest
rest
rest
rest
rest
rest
rest
rest
rest
rest
rest
rest
rest
rest
rest
rest
rest
rest
rest
rest
rest
rest
rest
rest
rest
rest
rest
rest
rest
rest
rest
rest
rest
rest
rest
rest
rest
rest
rest
rest
rest
rest
rest
rest
rest
rest
rest
rest
rest
rest
rest
rest
rest
rest
rest
rest
rest
rest
rest
rest
rest
rest
rest
rest
rest
rest
rest
rest
rest
rest
rest
rest
rest
rest
rest
rest
rest
rest
rest
rest
rest
rest
rest
rest
rest
rest
rest
rest
rest
rest
rest
rest
rest
rest
rest
rest
rest
rest
rest
rest
rest
rest
rest
rest
rest
rest
rest
rest
rest
rest
rest
rest
rest
rest
rest
rest
rest
rest
rest
rest
rest
rest
rest
rest
rest
rest
rest
rest
rest
rest
rest
rest
rest
rest
rest
rest
rest
rest
rest
rest
rest
rest
rest
rest
rest
rest
rest
rest
rest
rest
rest
rest
rest
rest
rest
rest
rest
rest
rest
rest
rest
rest
rest
rest
rest
rest
rest
rest
rest
rest
rest
rest
rest
rest
rest
rest
rest
rest
rest
rest
rest
rest
rest
rest
rest
rest
rest
rest
rest
rest
rest
rest
rest
rest
rest
rest
rest
rest
rest
rest
rest
rest
rest
rest
rest
rest
rest
rest
rest
rest
rest
rest
rest
rest
rest
rest
rest
rest
rest
rest
rest
rest
rest
rest
rest
rest
rest
rest
rest
rest
rest
rest
rest
rest
rest
rest
rest
rest
rest
rest
rest
rest
rest
rest
rest
rest
rest
rest
rest
rest
rest
rest
rest
rest
rest
rest
rest
rest
rest
rest
rest
rest
rest
rest
rest
rest
rest
rest
rest
rest
rest
rest
rest
rest
rest
rest
rest
rest
rest
rest
rest
rest
rest
rest
rest
rest
rest
rest
rest
rest
rest
rest
rest
rest
rest
rest
rest
rest
rest
rest
rest
rest
rest
rest
rest
rest
rest
rest
rest
rest
rest
rest
rest
rest
rest
rest
rest
rest
rest
rest
rest
rest
rest
rest
rest
rest
rest
rest
rest
rest
rest
rest
rest
rest
rest
rest
rest
rest
rest
rest
rest
rest
rest
rest
rest
rest
rest
rest
rest
rest
rest
rest
rest
rest
rest
rest
rest
rest
rest
rest
rest
rest
rest
rest
rest
rest
rest
rest
rest
rest
rest
rest
rest
rest
rest
rest
rest
rest
rest
rest
rest
rest
rest
rest
rest
rest
rest
rest
rest
rest
rest
rest
rest
rest
rest
rest
rest
rest
rest
rest
rest
rest
rest
rest
rest
rest
rest
rest
rest
rest
rest
rest
rest
rest
rest
rest
rest
rest
rest
rest
rest
rest
rest
rest
rest
rest
rest
rest
rest
rest
rest
rest
rest
rest
rest
rest
rest
rest
rest
rest
rest
rest
rest
rest
rest
rest
rest
rest
rest
rest
rest
rest
rest
rest
rest
rest
rest
rest
rest
rest
rest
rest
rest
rest
rest
rest
rest
rest
rest
rest
rest
rest
rest
rest
rest
rest
rest
rest
rest
rest
rest
rest
rest
rest
rest
rest
rest
rest
rest
rest
rest
rest
rest
rest
rest
rest
rest
rest
rest
rest
rest
rest
rest
rest
rest
rest
rest
rest
rest
rest
rest
rest
rest
rest
rest
rest
rest
rest
rest
rest
rest
rest
rest
rest
rest
rest
rest
rest
rest
rest
rest
rest
rest
rest
rest
rest
rest
rest
rest
rest
rest
rest
rest
rest
rest
rest
rest
rest
rest
rest
rest
rest
rest
rest
rest
rest
rest
rest
rest
rest
rest
rest
rest
rest
rest
rest
rest
rest
rest
rest
rest
rest
rest
rest
rest
rest
rest
rest
rest
rest
rest
rest
rest
rest
rest
rest
rest
rest
rest
rest
rest
rest
rest
rest
rest
rest
rest
rest
rest
rest
rest
rest
rest
rest
rest
rest
rest
rest
rest
rest
rest
rest
rest
rest
rest
rest
rest
rest
rest
rest
rest
rest
rest
rest
rest
rest
rest
rest
rest
rest
rest
rest
rest
rest
rest
rest
rest
rest
rest
rest
rest
rest
rest
rest
rest
rest
rest
rest
rest
rest
rest
rest
rest
rest
rest
rest
rest
rest
rest
rest
rest
rest
rest
rest
rest
rest
rest
rest
rest
rest
rest
rest
rest
rest
rest
rest
rest
rest
rest
rest
rest
rest
rest
rest
rest
rest
rest
rest
rest
rest
rest
rest
rest
rest
rest
rest
rest
rest
rest
rest
rest
rest
rest
rest
rest
rest
rest
rest
rest
rest
rest
rest
rest
rest
rest
rest
rest
rest
rest
rest
rest
rest
rest
rest
rest
rest
rest
rest
rest
rest
rest
rest
rest
rest
rest
rest
rest
rest
rest
rest
rest
rest
rest
rest
rest
rest
rest
rest
rest
rest
rest
rest
rest
rest
rest
rest
rest
rest
rest
rest
rest
rest
rest
rest
rest
rest
rest
rest
rest
rest
rest
rest
rest
rest
rest
rest
rest
rest
rest
rest
rest
rest
rest
rest
rest
rest
rest
rest
rest
rest
rest
rest
rest
rest
rest
rest
rest
rest
rest
rest
rest
rest
rest
rest
rest
rest
rest
rest
rest
rest
rest
rest
rest
rest
rest
rest
rest
rest
rest
rest
rest
rest
rest
rest
rest
rest
rest
rest
rest
rest
rest
rest
rest
rest
rest
rest
rest
rest
rest
rest
rest
rest
rest
rest
rest
rest
rest
rest
rest
rest
rest
rest
rest
rest
rest
rest
rest
rest
rest
rest
rest
rest
rest
rest
rest
rest
rest
rest
rest
rest
rest
rest
rest
rest
rest
rest
rest
rest
rest
rest
rest
rest
rest
rest
rest
rest
rest
rest
rest
rest
rest
rest
rest
rest
rest
rest
rest
rest
rest
rest
rest
rest
rest
rest
rest
rest
rest
rest
rest
rest
rest
rest
rest
rest
rest
rest
rest
rest
rest
rest
rest
rest
rest
rest
rest
rest
rest
rest
rest
rest
rest
rest
rest
rest
rest
rest
rest
rest
rest
rest
rest
rest
rest
rest
rest
rest
rest
rest
rest
rest
rest
rest
rest
rest
rest
rest
rest
rest
rest
rest
rest
rest
rest
rest
rest
rest
rest
rest
rest
rest
rest
rest
rest
rest
rest
rest
rest
rest
rest
rest
rest
rest
rest
rest
rest
rest
rest
rest
rest
rest
rest
rest
rest
rest
rest
rest
rest
rest
rest
rest
rest
rest
rest
rest
rest
rest
rest
rest
rest
rest
rest
rest
rest
rest
rest
rest
rest
rest
rest
rest
rest
rest
rest
rest
rest
rest
rest
rest
rest
rest
rest
rest
rest
rest
rest
rest
rest
rest
rest
rest
rest
rest
rest
rest
rest
rest
rest
rest
rest
rest
rest
rest
rest
rest
rest
rest
rest
rest
rest
rest
rest
rest
rest
rest
rest
rest
rest
rest
rest
rest
rest
rest
rest
rest
rest
rest
rest
rest
rest
rest
rest
rest
rest
rest
rest
rest
rest
rest
rest
rest
rest
rest
rest
rest
rest
rest
rest
rest
rest
rest
rest
rest
rest
rest
rest
rest
rest
rest
rest
rest
rest
rest
rest
rest
rest
rest
rest
rest
rest
rest
rest
rest
rest
rest
rest
rest
rest
rest
rest
rest
rest
rest
rest
rest
rest
rest
rest
rest
rest
rest
rest
rest
rest
rest
rest
rest
rest
rest
rest
rest
rest
rest
rest
rest
rest
rest
rest
rest
rest
rest
rest
rest
rest
rest
rest
rest
rest
rest
rest
rest
rest
rest
rest
rest
rest
rest
rest
rest
rest
rest
rest
rest
rest
rest
rest
rest
rest
rest
rest
rest
rest
rest
rest
rest
rest
rest
rest
rest
rest
rest
rest
rest
rest
rest
rest
rest
rest
rest
rest
rest
rest
rest
rest
rest
rest
rest
rest
rest
rest
rest
rest
rest
rest
rest
rest
rest
rest
rest
rest
rest
rest
rest
rest
rest
rest
rest
rest
rest
rest
rest
rest
rest
rest
rest
rest
rest
rest
rest
rest
rest
rest
rest
rest
rest
rest
rest
rest
rest
rest
rest
rest
rest
rest
rest
rest
rest
rest
rest
rest
rest
rest
rest
rest
rest
rest
rest
rest
rest
rest
rest
rest
rest
rest
rest
rest
rest
rest
rest
rest
rest
rest
rest
rest
rest
rest
rest
rest
rest
rest
rest
rest
rest
rest
rest
rest
rest
rest
rest
rest
rest
rest
rest
rest
rest
rest
rest
rest
rest
rest
rest
rest
rest
rest
rest
rest
rest
rest
rest
rest
rest
rest
rest
rest
rest
rest
rest
rest
rest
rest
rest
rest
rest
rest
rest
rest
rest
rest
rest
rest
rest
rest
rest
rest
rest
rest
rest
rest
rest
rest
rest
rest
rest
rest
rest
rest
rest
rest
rest
rest
rest
rest
rest
rest
rest
rest
rest
rest
rest
rest
rest
rest
rest
rest
rest
rest
rest
rest
rest
rest
rest
rest
rest
rest
rest
rest
rest
rest
rest
rest
rest
rest
rest
rest
rest
rest
rest
rest
rest
rest
rest
rest
rest
rest
rest
rest
rest
rest
rest
rest
rest
rest
rest
rest
rest
rest
rest
rest
rest
rest
rest
rest
rest
rest
rest
rest
rest
rest
rest
rest
rest
rest
rest
rest
rest
rest
rest
rest
rest
rest
rest
rest
rest
rest
rest
rest
rest
rest
rest
rest
rest
rest
rest
rest
rest
rest
rest
rest
rest
rest
rest
rest
rest
rest
rest
rest
rest
rest
rest
rest
rest
rest
rest
rest
rest
rest
rest
rest
rest
rest
rest
rest
rest
rest
rest
rest
rest
rest
rest
rest
rest
rest
rest
rest
rest
rest
rest
rest
rest
rest
rest
rest
rest
rest
rest
rest
rest
rest
rest
rest
rest
rest
rest
rest
rest
rest
rest
rest
rest
rest
rest
rest
rest
rest
rest
rest
rest
rest
rest
rest
rest
rest
rest
rest
rest
rest
rest
rest
rest
rest
rest
rest
rest
rest
rest
rest
rest
rest
rest
rest
rest
rest
rest
rest
rest
rest
rest
rest
rest
rest
rest
rest
rest
rest
rest
rest
rest
rest
rest
rest
rest
rest
rest
rest
rest
rest
rest
rest
rest
rest
rest
rest
rest
rest
rest
rest
rest
rest
rest
rest
rest
rest
rest
rest
rest
rest
rest
rest
rest
rest
rest
rest
rest
rest
rest
rest
rest
rest
rest
rest
rest
rest
rest
rest
rest
rest
rest
rest
rest
rest
rest
rest
rest
rest
rest
rest
rest
rest
rest
rest
rest
rest
rest
rest
rest
rest
rest
rest
rest
rest
rest
rest
rest
rest
rest
rest
rest
rest
rest
rest
rest
rest
rest
rest
rest
rest
rest
rest
rest
rest
rest
rest
rest
rest
rest
rest
rest
rest
rest
rest
rest
rest
rest
rest
rest
rest
rest
rest
rest
rest
rest
rest
rest
rest
rest
rest
rest
rest
rest
rest
rest
rest
rest
rest
rest
rest
rest
rest
rest
rest
rest
rest
rest
rest
rest
rest
rest
rest
rest
rest
rest
rest
rest
rest
rest
rest
rest
rest
rest
rest
rest
rest
rest
rest
rest
rest
rest
rest
rest
rest
rest
rest
rest
rest
rest
rest
rest
rest
rest
rest
rest
rest
rest
rest
rest
rest
rest
rest
rest
rest
rest
rest
rest
rest
rest
rest
rest
rest
rest
rest
rest
rest
rest
rest
rest
rest
rest
rest
rest
rest
rest
rest
rest
rest
rest
rest
rest
rest
rest
rest
rest
rest
rest
rest
rest
rest
rest
rest
rest
rest
rest
rest
rest
rest
rest
rest
rest
rest
rest
rest
rest
rest
rest
rest
rest
rest
rest
rest
rest
rest
rest
rest
rest
rest
rest
rest
rest
rest
rest
rest
rest
rest
rest
rest
rest
rest
rest
rest
rest
rest
rest
rest
rest
rest
rest
rest
rest
rest
rest
rest
rest
rest
rest
rest
rest
rest
rest
rest
rest
rest
rest
rest
rest
rest
rest
rest
rest
rest
rest
rest
rest
rest
rest
rest
rest
rest
rest
rest
rest
rest
rest
rest
rest
rest
rest
rest
rest
rest
rest
rest
rest
rest
rest
rest
rest
rest
rest
rest
rest
rest
rest
rest
rest
rest
rest
rest
rest
rest
rest
rest
rest
rest
rest
rest
rest
rest
rest
rest
rest
rest
rest
rest
rest
rest
rest
rest
rest
rest
rest
rest
rest
rest
rest
rest
rest
rest
rest
rest
rest
rest
rest
rest
rest
rest
rest
rest
rest
rest
rest
rest
rest
rest
rest
rest
rest
rest
rest
rest
rest
rest
rest
rest
rest
rest
rest
rest
rest
rest
rest
rest
rest
rest
rest
rest
rest
rest
rest
rest
rest
rest
rest
rest
rest
rest
rest
rest
rest
rest
rest
rest
rest
rest
rest
rest
rest
rest
rest
rest
rest
rest
rest
rest
rest
rest
rest
rest
rest
rest
rest
rest
rest
rest
rest
rest
rest
rest
rest
rest
rest
rest
rest
rest
rest
rest
rest
rest
rest
rest
rest
rest
rest
rest
rest
rest
rest
rest
rest
rest
rest
rest
rest
rest
rest
rest
rest
rest
rest
rest
rest
rest
rest
rest
rest
rest
rest
rest
rest
rest
rest
rest
rest
rest
rest
rest
rest
rest
rest
rest
rest
rest
rest
rest
rest
rest
rest
rest
rest
rest
rest
rest
rest
rest
rest
rest
rest
rest
rest
rest
rest
rest
rest
rest
rest
rest
rest
rest
rest
rest
rest
rest
rest
rest
rest
rest
rest
rest
rest
rest
rest
rest
rest
rest
rest
rest
rest
rest
rest
rest
rest
rest
rest
rest
rest
rest
rest
rest
rest
rest
rest
rest
rest
rest
rest
rest
rest
rest
rest
rest
rest
rest
rest
rest
rest
rest
rest
rest
rest
rest
rest
rest
rest
rest
rest
rest
rest
rest
rest
rest
rest
rest
rest
rest
rest
rest
rest
rest
rest
rest
rest
rest
rest
rest
rest
rest
rest
rest
rest
rest
rest
rest
rest
rest
rest
rest
rest
rest
rest
rest
rest
rest
rest
rest
rest
rest
rest
rest
rest
rest
rest
rest
rest
rest
rest
rest
rest
rest
rest
rest
rest
rest
rest
rest
rest
rest
rest
rest
rest
rest
rest
rest
rest
rest
rest
rest
rest
rest
rest
rest
rest
rest
rest
rest
rest
rest
rest
rest
rest
rest
rest
rest
rest
rest
rest
rest
rest
rest
rest
rest
rest
rest
rest
rest
rest
rest
rest
rest
rest
rest
rest
rest
rest
rest
rest
rest
rest
rest
rest
rest
rest
rest
rest
rest
rest
rest
rest
rest
rest
rest
rest
rest
rest
rest
rest
rest
rest
rest
rest
rest
rest
rest
rest
rest
rest
rest
rest
rest
rest
rest
rest
rest
rest
rest
rest
rest
rest
rest
rest
rest
rest
rest
rest
rest
rest
rest
rest
rest
rest
rest
rest
rest
rest
rest
rest
rest
rest
rest
rest
rest
rest
rest
rest
rest
rest
rest
rest
rest
rest
rest
rest
rest
rest
rest
rest
rest
rest
rest
rest
rest
rest
rest
rest
rest
rest
rest
rest
rest
rest
rest
rest
rest
rest
rest
rest
rest
rest
rest
rest
rest
rest
rest
rest
rest
rest
rest
rest
rest
rest
rest
rest
rest
rest
rest
rest
rest
rest
rest
rest
rest
rest
rest
rest
rest
rest
rest
rest
rest
rest
rest
rest
rest
rest
rest
rest
rest
rest
rest
rest
rest
rest
rest
rest
rest
rest
rest
rest
rest
rest
rest
rest
rest
rest
rest
rest
rest
rest
rest
rest
rest
rest
rest
rest
rest
rest
rest
rest
rest
rest
rest
rest
rest
rest
rest
rest
rest
rest
rest
rest
rest
rest
rest
rest
rest
rest
rest
rest
rest
rest
rest
rest
rest
rest
rest
rest
rest
rest
rest
rest
rest
rest
rest
rest
rest
rest
rest
rest
rest
rest
rest
rest
rest
rest
rest
rest
rest
rest
rest
rest
rest
rest
rest
rest
rest
rest
rest
rest
rest
rest
rest
rest
rest
rest
rest
rest
rest
rest
rest
rest
rest
rest
rest
rest
rest
rest
rest
rest
rest
rest
rest
rest
rest
rest
rest
rest
rest
rest
rest
rest
rest
rest
rest
rest
rest
rest
rest
rest
rest
rest
rest
rest
rest
rest
rest
rest
rest
rest
rest
rest
rest
rest
rest
rest
rest
rest
rest
rest
rest
rest
rest
rest
rest
rest
rest
rest
rest
rest
rest
rest
rest
rest
rest
rest
rest
rest
rest
rest
rest
rest
rest
rest
rest
rest
rest
rest
rest
rest
rest
rest
rest
rest
rest
rest
rest
rest
rest
rest
rest
rest
rest
rest
rest
rest
rest
rest
rest
rest
rest
rest
rest
rest
rest
rest
rest
rest
rest
rest
rest
rest
rest
rest
rest
rest
rest
rest
rest
rest
rest
rest
rest
rest
rest
rest
rest
rest
rest
rest
rest
rest
rest
rest
rest
rest
rest
rest
rest
rest
rest
rest
rest
rest
rest
rest
rest
rest
rest
rest
rest
rest
rest
rest
rest
rest
rest
rest
rest
rest
rest
rest
rest
rest
rest
rest
rest
rest
rest
rest
rest
rest
rest
rest
rest
rest
rest
rest
rest
rest
rest
rest
rest
rest
rest
rest
rest
rest
rest
rest
rest
rest
rest
rest
rest
rest
rest
rest
rest
rest
rest
rest
rest
rest
rest
rest
rest
rest
rest
rest
rest
rest
rest
rest
rest
rest
rest
rest
rest
rest
rest
rest
rest
rest
rest
rest
rest
rest
rest
rest
rest
rest
rest
rest
rest
rest
rest
rest
rest
rest
rest
rest
rest
rest
rest
rest
rest
rest
rest
rest
rest
rest
rest
rest
rest
rest
rest
rest
rest
rest
rest
rest
rest
rest
rest
rest
rest
rest
rest
rest
rest
rest
rest
rest
rest
rest
rest
rest
rest
rest
rest
rest
rest
rest
rest
rest
rest
rest
rest
rest
rest
rest
rest
rest
rest
rest
rest
rest
rest
rest
rest
rest
rest
rest
rest
rest
rest
rest
rest
rest
rest
rest
rest
rest
rest
rest
rest
rest
rest
rest
rest
rest
rest
rest
rest
rest
rest
rest
rest
rest
rest
rest
rest
rest
rest
rest
rest
rest
rest
rest
rest
rest
rest
rest
rest
rest
rest
rest
rest
rest
rest
rest
rest
rest
rest
rest
rest
rest
rest
rest
rest
rest
rest
rest
rest
rest
rest
rest
rest
rest
rest
rest
rest
rest
rest
rest
rest
rest
rest
rest
rest
rest
rest
rest
rest
rest
rest
rest
rest
rest
rest
rest
rest
rest
rest
rest
rest
rest
rest
rest
rest
rest
rest
rest
rest
rest
rest
rest
rest
rest
rest
rest
rest
rest
rest
rest
rest
rest
rest
rest
rest
rest
rest
rest
rest
rest
rest
rest
rest
rest
rest
rest
rest
rest
rest
rest
rest
rest
rest
rest
rest
rest
rest
rest
rest
rest
rest
rest
rest
rest
rest
rest
rest
rest
rest
rest
rest
rest
rest
rest
rest
rest
rest
rest
rest
rest
rest
rest
rest
rest
rest
rest
rest
rest
rest
rest
rest
rest
rest
rest
rest
rest
rest
rest
rest
rest
rest
rest
rest
rest
rest
rest
rest
rest
rest
rest
rest
rest
rest
rest
rest
rest
rest
rest
rest
rest
rest
rest
rest
rest
rest
rest
rest
rest
rest
rest
rest
rest
rest
rest
rest
rest
rest
rest
rest
rest
rest
rest
rest
rest
rest
rest
rest
rest
rest
rest
rest
rest
rest
rest
rest
rest
rest
rest
rest
rest
rest
rest
rest
rest
rest
rest
rest
rest
rest
rest
rest
rest
rest
rest
rest
rest
rest
rest
rest
rest
rest
rest
rest
rest
rest
rest
rest
rest
rest
rest
rest
rest
rest
rest
rest
rest
rest
rest
rest
rest
rest
rest
rest
rest
rest
rest
rest
rest
rest
rest
rest
rest
rest
rest
rest
rest
rest
rest
rest
rest
rest
rest
rest
rest
rest
rest
rest
rest
rest
rest
rest
rest
rest
rest
rest
rest
rest
rest
rest
rest
rest
rest
rest
rest
rest
rest
rest
rest
rest
rest
rest
rest
rest
rest
rest
rest
rest
rest
rest
rest
rest
rest
rest
rest
rest
rest
rest
rest
rest
rest
rest
rest
rest
rest
rest
rest
rest
rest
rest
rest
rest
rest
rest
rest
rest
rest
rest
rest
rest
rest
rest
rest
rest
rest
rest
rest
rest
rest
rest
rest
rest
rest
rest
rest
rest
rest
rest
rest
rest
rest
rest
rest
rest
rest
rest
rest
rest
rest
rest
rest
rest
rest
rest
rest
rest
rest
rest
rest
rest
rest
rest
rest
rest
rest
rest
rest
rest
rest
rest
rest
rest
rest
rest
rest
rest
rest
rest
rest
rest
rest
rest
rest
rest
rest
rest
rest
rest
rest
rest
rest
rest
rest
rest
rest
rest
rest
rest
rest
rest
rest
rest
rest
rest
rest
rest
rest
rest
rest
rest
rest
rest
rest
rest
rest
rest
rest
rest
rest
rest
rest
rest
rest
rest
rest
rest
rest
rest
rest
rest
rest
rest
rest
rest
rest
rest
rest
rest
rest
rest
rest
rest
rest
rest
rest
rest
rest
rest
rest
rest
rest
rest
rest
rest
rest
rest
rest
rest
rest
rest
rest
rest
rest
rest
rest
rest
rest
rest
rest
rest
rest
rest
rest
rest
rest
rest
rest
rest
rest
rest
rest
rest
rest
rest
rest
rest
rest
rest
rest
rest
rest
rest
rest
rest
rest
rest
rest
rest
rest
rest
rest
rest
rest
rest
rest
rest
rest
rest
rest
rest
rest
rest
rest
rest
rest
rest
rest
rest
rest
rest
rest
rest
rest
rest
rest
rest
rest
rest
rest
rest
rest
rest
rest
rest
rest
rest
rest
rest
rest
rest
rest
rest
rest
rest
rest
rest
rest
rest
rest
rest
rest
rest
rest
rest
rest
rest
rest
rest
rest
rest
rest
rest
rest
rest
rest
rest
rest
rest
rest
rest
rest
rest
rest
rest
rest
rest
rest
rest
rest
rest
rest
rest
rest
rest
rest
rest
rest
rest
rest
rest
rest
rest
rest
rest
rest
rest
rest
image_open&close_right_fist
image_open&close_right_fist
image_open&close_right_fist
image_open&close_right_fist
image_open&close_right_fist
image_open&close_right_fist
image_open&close_right_fist
image_open&close_right_fist
image_open&close_right_fist
image_open&close_right_fist
image_open&close_right_fist
image_open&close_right_fist
image_open&close_right_fist
image_open&close_right_fist
image_open&close_right_fist
image_open&close_right_fist
image_open&close_right_fist
image_open&close_right_fist
image_open&close_right_fist
image_open&close_right_fist
image_open&close_right_fist
image_open&close_right_fist
image_open&close_right_fist
image_open&close_right_fist
image_open&close_right_fist
image_open&close_right_fist
image_open&close_right_fist
image_open&close_right_fist
image_open&close_right_fist
image_open&close_right_fist
image_open&close_right_fist
image_open&close_right_fist
image_open&close_right_fist
image_open&close_right_fist
image_open&close_right_fist
image_open&close_right_fist
image_open&close_right_fist
image_open&close_right_fist
image_open&close_right_fist
image_open&close_right_fist
image_open&close_right_fist
image_open&close_right_fist
image_open&close_right_fist
image_open&close_right_fist
image_open&close_right_fist
image_open&close_right_fist
image_open&close_right_fist
image_open&close_right_fist
image_open&close_right_fist
image_open&close_right_fist
image_open&close_right_fist
image_open&close_right_fist
image_open&close_right_fist
image_open&close_right_fist
image_open&close_right_fist
image_open&close_right_fist
image_open&close_right_fist
image_open&close_right_fist
image_open&close_right_fist
image_open&close_right_fist
image_open&close_right_fist
image_open&close_right_fist
image_open&close_right_fist
image_open&close_right_fist
image_open&close_right_fist
image_open&close_right_fist
image_open&close_right_fist
image_open&close_right_fist
image_open&close_right_fist
image_open&close_right_fist
image_open&close_right_fist
image_open&close_right_fist
image_open&close_right_fist
image_open&close_right_fist
image_open&close_right_fist
image_open&close_right_fist
image_open&close_right_fist
image_open&close_right_fist
image_open&close_right_fist
image_open&close_right_fist
image_open&close_right_fist
image_open&close_right_fist
image_open&close_right_fist
image_open&close_right_fist
image_open&close_right_fist
image_open&close_right_fist
image_open&close_right_fist
image_open&close_right_fist
image_open&close_right_fist
image_open&close_right_fist
image_open&close_right_fist
image_open&close_right_fist
image_open&close_right_fist
image_open&close_right_fist
image_open&close_right_fist
image_open&close_right_fist
image_open&close_right_fist
image_open&close_right_fist
image_open&close_right_fist
image_open&close_right_fist
image_open&close_right_fist
image_open&close_right_fist
image_open&close_right_fist
image_open&close_right_fist
image_open&close_right_fist
image_open&close_right_fist
image_open&close_right_fist
image_open&close_right_fist
image_open&close_right_fist
image_open&close_right_fist
image_open&close_right_fist
image_open&close_right_fist
image_open&close_right_fist
image_open&close_right_fist
image_open&close_right_fist
image_open&close_right_fist
image_open&close_right_fist
image_open&close_right_fist
image_open&close_right_fist
image_open&close_right_fist
image_open&close_right_fist
image_open&close_right_fist
image_open&close_right_fist
image_open&close_right_fist
image_open&close_right_fist
image_open&close_right_fist
image_open&close_right_fist
image_open&close_right_fist
image_open&close_right_fist
image_open&close_right_fist
image_open&close_right_fist
image_open&close_right_fist
image_open&close_right_fist
image_open&close_right_fist
image_open&close_right_fist
image_open&close_right_fist
image_open&close_right_fist
image_open&close_right_fist
image_open&close_right_fist
image_open&close_right_fist
image_open&close_right_fist
image_open&close_right_fist
image_open&close_right_fist
image_open&close_right_fist
image_open&close_right_fist
image_open&close_right_fist
image_open&close_right_fist
image_open&close_right_fist
image_open&close_right_fist
image_open&close_right_fist
image_open&close_right_fist
image_open&close_right_fist
image_open&close_right_fist
image_open&close_right_fist
image_open&close_right_fist
image_open&close_right_fist
image_open&close_right_fist
image_open&close_right_fist
image_open&close_right_fist
image_open&close_right_fist
image_open&close_right_fist
image_open&close_right_fist
image_open&close_right_fist
image_open&close_right_fist
image_open&close_right_fist
image_open&close_right_fist
image_open&close_right_fist
image_open&close_right_fist
image_open&close_right_fist
image_open&close_right_fist
image_open&close_right_fist
image_open&close_right_fist
image_open&close_right_fist
image_open&close_right_fist
image_open&close_right_fist
image_open&close_right_fist
image_open&close_right_fist
image_open&close_right_fist
image_open&close_right_fist
image_open&close_right_fist
image_open&close_right_fist
image_open&close_right_fist
image_open&close_right_fist
image_open&close_right_fist
image_open&close_right_fist
image_open&close_right_fist
image_open&close_right_fist
image_open&close_right_fist
image_open&close_right_fist
image_open&close_right_fist
image_open&close_right_fist
image_open&close_right_fist
image_open&close_right_fist
image_open&close_right_fist
image_open&close_right_fist
image_open&close_right_fist
image_open&close_right_fist
image_open&close_right_fist
image_open&close_right_fist
image_open&close_right_fist
image_open&close_right_fist
image_open&close_right_fist
image_open&close_right_fist
image_open&close_right_fist
image_open&close_right_fist
image_open&close_right_fist
image_open&close_right_fist
image_open&close_right_fist
image_open&close_right_fist
image_open&close_right_fist
image_open&close_right_fist
image_open&close_right_fist
image_open&close_right_fist
image_open&close_right_fist
image_open&close_right_fist
image_open&close_right_fist
image_open&close_right_fist
image_open&close_right_fist
image_open&close_right_fist
image_open&close_right_fist
image_open&close_right_fist
image_open&close_right_fist
image_open&close_right_fist
image_open&close_right_fist
image_open&close_right_fist
image_open&close_right_fist
image_open&close_right_fist
image_open&close_right_fist
image_open&close_right_fist
image_open&close_right_fist
image_open&close_right_fist
image_open&close_right_fist
image_open&close_right_fist
image_open&close_right_fist
image_open&close_right_fist
image_open&close_right_fist
image_open&close_right_fist
image_open&close_right_fist
image_open&close_right_fist
image_open&close_right_fist
image_open&close_right_fist
image_open&close_right_fist
image_open&close_right_fist
image_open&close_right_fist
image_open&close_right_fist
image_open&close_right_fist
image_open&close_right_fist
image_open&close_right_fist
image_open&close_right_fist
image_open&close_right_fist
image_open&close_right_fist
image_open&close_right_fist
image_open&close_right_fist
image_open&close_right_fist
image_open&close_right_fist
image_open&close_right_fist
image_open&close_right_fist
image_open&close_right_fist
image_open&close_right_fist
image_open&close_right_fist
image_open&close_right_fist
image_open&close_right_fist
image_open&close_right_fist
image_open&close_right_fist
image_open&close_right_fist
image_open&close_right_fist
image_open&close_right_fist
image_open&close_right_fist
image_open&close_right_fist
image_open&close_right_fist
image_open&close_right_fist
image_open&close_right_fist
image_open&close_right_fist
image_open&close_right_fist
image_open&close_right_fist
image_open&close_right_fist
image_open&close_right_fist
image_open&close_right_fist
image_open&close_right_fist
image_open&close_right_fist
image_open&close_right_fist
image_open&close_right_fist
image_open&close_right_fist
image_open&close_right_fist
image_open&close_right_fist
image_open&close_right_fist
image_open&close_right_fist
image_open&close_right_fist
image_open&close_right_fist
image_open&close_right_fist
image_open&close_right_fist
image_open&close_right_fist
image_open&close_right_fist
image_open&close_right_fist
image_open&close_right_fist
image_open&close_right_fist
image_open&close_right_fist
image_open&close_right_fist
image_open&close_right_fist
image_open&close_right_fist
image_open&close_right_fist
image_open&close_right_fist
image_open&close_right_fist
image_open&close_right_fist
image_open&close_right_fist
image_open&close_right_fist
image_open&close_right_fist
image_open&close_right_fist
image_open&close_right_fist
image_open&close_right_fist
image_open&close_right_fist
image_open&close_right_fist
image_open&close_right_fist
image_open&close_right_fist
image_open&close_right_fist
image_open&close_right_fist
image_open&close_right_fist
image_open&close_right_fist
image_open&close_right_fist
image_open&close_right_fist
image_open&close_right_fist
image_open&close_right_fist
image_open&close_right_fist
image_open&close_right_fist
image_open&close_right_fist
image_open&close_right_fist
image_open&close_right_fist
image_open&close_right_fist
image_open&close_right_fist
image_open&close_right_fist
image_open&close_right_fist
image_open&close_right_fist
image_open&close_right_fist
image_open&close_right_fist
image_open&close_right_fist
image_open&close_right_fist
image_open&close_right_fist
image_open&close_right_fist
image_open&close_right_fist
image_open&close_right_fist
image_open&close_right_fist
image_open&close_right_fist
image_open&close_right_fist
image_open&close_right_fist
image_open&close_right_fist
image_open&close_right_fist
image_open&close_right_fist
image_open&close_right_fist
image_open&close_right_fist
image_open&close_right_fist
image_open&close_right_fist
image_open&close_right_fist
image_open&close_right_fist
image_open&close_right_fist
image_open&close_right_fist
image_open&close_right_fist
image_open&close_right_fist
image_open&close_right_fist
image_open&close_right_fist
image_open&close_right_fist
image_open&close_right_fist
image_open&close_right_fist
image_open&close_right_fist
image_open&close_right_fist
image_open&close_right_fist
image_open&close_right_fist
image_open&close_right_fist
image_open&close_right_fist
image_open&close_right_fist
image_open&close_right_fist
image_open&close_right_fist
image_open&close_right_fist
image_open&close_right_fist
image_open&close_right_fist
image_open&close_right_fist
image_open&close_right_fist
image_open&close_right_fist
image_open&close_right_fist
image_open&close_right_fist
image_open&close_right_fist
image_open&close_right_fist
image_open&close_right_fist
image_open&close_right_fist
image_open&close_right_fist
image_open&close_right_fist
image_open&close_right_fist
image_open&close_right_fist
image_open&close_right_fist
image_open&close_right_fist
image_open&close_right_fist
image_open&close_right_fist
image_open&close_right_fist
image_open&close_right_fist
image_open&close_right_fist
image_open&close_right_fist
image_open&close_right_fist
image_open&close_right_fist
image_open&close_right_fist
image_open&close_right_fist
image_open&close_right_fist
image_open&close_right_fist
image_open&close_right_fist
image_open&close_right_fist
image_open&close_right_fist
image_open&close_right_fist
image_open&close_right_fist
image_open&close_right_fist
image_open&close_right_fist
image_open&close_right_fist
image_open&close_right_fist
image_open&close_right_fist
image_open&close_right_fist
image_open&close_right_fist
image_open&close_right_fist
image_open&close_right_fist
image_open&close_right_fist
image_open&close_right_fist
image_open&close_right_fist
image_open&close_right_fist
image_open&close_right_fist
image_open&close_right_fist
image_open&close_right_fist
image_open&close_right_fist
image_open&close_right_fist
image_open&close_right_fist
image_open&close_right_fist
image_open&close_right_fist
image_open&close_right_fist
image_open&close_right_fist
image_open&close_right_fist
image_open&close_right_fist
image_open&close_right_fist
image_open&close_right_fist
image_open&close_right_fist
image_open&close_right_fist
image_open&close_right_fist
image_open&close_right_fist
image_open&close_right_fist
image_open&close_right_fist
image_open&close_right_fist
image_open&close_right_fist
image_open&close_right_fist
image_open&close_right_fist
image_open&close_right_fist
image_open&close_right_fist
image_open&close_right_fist
image_open&close_right_fist
image_open&close_right_fist
image_open&close_right_fist
image_open&close_right_fist
image_open&close_right_fist
image_open&close_right_fist
image_open&close_right_fist
image_open&close_right_fist
image_open&close_right_fist
image_open&close_right_fist
image_open&close_right_fist
image_open&close_right_fist
image_open&close_right_fist
image_open&close_right_fist
image_open&close_right_fist
image_open&close_right_fist
image_open&close_right_fist
image_open&close_right_fist
image_open&close_right_fist
image_open&close_right_fist
image_open&close_right_fist
image_open&close_right_fist
image_open&close_right_fist
image_open&close_right_fist
image_open&close_right_fist
image_open&close_right_fist
image_open&close_right_fist
image_open&close_right_fist
image_open&close_right_fist
image_open&close_right_fist
image_open&close_right_fist
image_open&close_right_fist
image_open&close_right_fist
image_open&close_right_fist
image_open&close_right_fist
image_open&close_right_fist
image_open&close_right_fist
image_open&close_right_fist
image_open&close_right_fist
image_open&close_right_fist
image_open&close_right_fist
image_open&close_right_fist
image_open&close_right_fist
image_open&close_right_fist
image_open&close_right_fist
image_open&close_right_fist
image_open&close_right_fist
image_open&close_right_fist
image_open&close_right_fist
image_open&close_right_fist
image_open&close_right_fist
image_open&close_right_fist
image_open&close_right_fist
image_open&close_right_fist
image_open&close_right_fist
image_open&close_right_fist
image_open&close_right_fist
image_open&close_right_fist
image_open&close_right_fist
image_open&close_right_fist
image_open&close_right_fist
image_open&close_right_fist
image_open&close_right_fist
image_open&close_right_fist
image_open&close_right_fist
image_open&close_right_fist
image_open&close_right_fist
image_open&close_right_fist
image_open&close_right_fist
image_open&close_right_fist
image_open&close_right_fist
image_open&close_right_fist
image_open&close_right_fist
image_open&close_right_fist
image_open&close_right_fist
image_open&close_right_fist
image_open&close_right_fist
image_open&close_right_fist
image_open&close_right_fist
image_open&close_right_fist
image_open&close_right_fist
image_open&close_right_fist
image_open&close_right_fist
image_open&close_right_fist
image_open&close_right_fist
image_open&close_right_fist
image_open&close_right_fist
image_open&close_right_fist
image_open&close_right_fist
image_open&close_right_fist
image_open&close_right_fist
image_open&close_right_fist
image_open&close_right_fist
image_open&close_right_fist
image_open&close_right_fist
image_open&close_right_fist
image_open&close_right_fist
image_open&close_right_fist
image_open&close_right_fist
image_open&close_right_fist
image_open&close_right_fist
image_open&close_right_fist
image_open&close_right_fist
image_open&close_right_fist
image_open&close_right_fist
image_open&close_right_fist
image_open&close_right_fist
image_open&close_right_fist
image_open&close_right_fist
image_open&close_right_fist
image_open&close_right_fist
image_open&close_right_fist
image_open&close_right_fist
image_open&close_right_fist
image_open&close_right_fist
image_open&close_right_fist
image_open&close_right_fist
image_open&close_right_fist
image_open&close_right_fist
image_open&close_right_fist
image_open&close_right_fist
image_open&close_right_fist
image_open&close_right_fist
image_open&close_right_fist
image_open&close_right_fist
image_open&close_right_fist
image_open&close_right_fist
image_open&close_right_fist
image_open&close_right_fist
image_open&close_right_fist
image_open&close_right_fist
image_open&close_right_fist
image_open&close_right_fist
image_open&close_right_fist
image_open&close_right_fist
image_open&close_right_fist
image_open&close_right_fist
image_open&close_right_fist
image_open&close_right_fist
image_open&close_right_fist
image_open&close_right_fist
image_open&close_right_fist
image_open&close_right_fist
image_open&close_right_fist
image_open&close_right_fist
image_open&close_right_fist
image_open&close_right_fist
image_open&close_right_fist
image_open&close_right_fist
image_open&close_right_fist
image_open&close_right_fist
image_open&close_right_fist
image_open&close_right_fist
image_open&close_right_fist
image_open&close_right_fist
image_open&close_right_fist
image_open&close_right_fist
image_open&close_right_fist
image_open&close_right_fist
image_open&close_right_fist
image_open&close_right_fist
image_open&close_right_fist
image_open&close_right_fist
image_open&close_right_fist
image_open&close_right_fist
image_open&close_right_fist
image_open&close_right_fist
image_open&close_right_fist
image_open&close_right_fist
image_open&close_right_fist
image_open&close_right_fist
image_open&close_right_fist
image_open&close_right_fist
image_open&close_right_fist
image_open&close_right_fist
image_open&close_right_fist
image_open&close_right_fist
image_open&close_right_fist
image_open&close_right_fist
image_open&close_right_fist
image_open&close_right_fist
image_open&close_right_fist
image_open&close_right_fist
image_open&close_right_fist
image_open&close_right_fist
image_open&close_right_fist
image_open&close_right_fist
image_open&close_right_fist
image_open&close_right_fist
image_open&close_right_fist
image_open&close_right_fist
image_open&close_right_fist
image_open&close_right_fist
image_open&close_right_fist
image_open&close_right_fist
image_open&close_right_fist
image_open&close_right_fist
image_open&close_right_fist
image_open&close_right_fist
image_open&close_right_fist
image_open&close_right_fist
image_open&close_right_fist
image_open&close_right_fist
image_open&close_right_fist
image_open&close_right_fist
image_open&close_right_fist
image_open&close_right_fist
rest
rest
rest
rest
rest
rest
rest
rest
rest
rest
rest
rest
rest
rest
rest
rest
rest
rest
rest
rest
rest
rest
rest
rest
rest
rest
rest
rest
rest
rest
rest
rest
rest
rest
rest
rest
rest
rest
rest
rest
rest
rest
rest
rest
rest
rest
rest
rest
rest
rest
rest
rest
rest
rest
rest
rest
rest
rest
rest
rest
rest
rest
rest
rest
rest
rest
rest
rest
rest
rest
rest
rest
rest
rest
rest
rest
rest
rest
rest
rest
rest
rest
rest
rest
rest
rest
rest
rest
rest
rest
rest
rest
rest
rest
rest
rest
rest
rest
rest
rest
rest
rest
rest
rest
rest
rest
rest
rest
rest
rest
rest
rest
rest
rest
rest
rest
rest
rest
rest
rest
rest
rest
rest
rest
rest
rest
rest
rest
rest
rest
rest
rest
rest
rest
rest
rest
rest
rest
rest
rest
rest
rest
rest
rest
rest
rest
rest
rest
rest
rest
rest
rest
rest
rest
rest
rest
rest
rest
rest
rest
rest
rest
rest
rest
rest
rest
rest
rest
rest
rest
rest
rest
rest
rest
rest
rest
rest
rest
rest
image_open&close_left_fist
image_open&close_left_fist
image_open&close_left_fist
image_open&close_left_fist
image_open&close_left_fist
image_open&close_left_fist
image_open&close_left_fist
image_open&close_left_fist
image_open&close_left_fist
image_open&close_left_fist
image_open&close_left_fist
image_open&close_left_fist
image_open&close_left_fist
image_open&close_left_fist
image_open&close_left_fist
image_open&close_left_fist
image_open&close_left_fist
image_open&close_left_fist
image_open&close_left_fist
image_open&close_left_fist
image_open&close_left_fist
image_open&close_left_fist
image_open&close_left_fist
image_open&close_left_fist
image_open&close_left_fist
image_open&close_left_fist
image_open&close_left_fist
image_open&close_left_fist
image_open&close_left_fist
image_open&close_left_fist
image_open&close_left_fist
image_open&close_left_fist
image_open&close_left_fist
image_open&close_left_fist
image_open&close_left_fist
image_open&close_left_fist
image_open&close_left_fist
image_open&close_left_fist
image_open&close_left_fist
image_open&close_left_fist
image_open&close_left_fist
image_open&close_left_fist
image_open&close_left_fist
image_open&close_left_fist
image_open&close_left_fist
image_open&close_left_fist
image_open&close_left_fist
image_open&close_left_fist
image_open&close_left_fist
image_open&close_left_fist
image_open&close_left_fist
image_open&close_left_fist
image_open&close_left_fist
image_open&close_left_fist
image_open&close_left_fist
image_open&close_left_fist
image_open&close_left_fist
image_open&close_left_fist
image_open&close_left_fist
image_open&close_left_fist
image_open&close_left_fist
image_open&close_left_fist
image_open&close_left_fist
image_open&close_left_fist
image_open&close_left_fist
image_open&close_left_fist
image_open&close_left_fist
image_open&close_left_fist
image_open&close_left_fist
image_open&close_left_fist
image_open&close_left_fist
image_open&close_left_fist
image_open&close_left_fist
image_open&close_left_fist
image_open&close_left_fist
image_open&close_left_fist
image_open&close_left_fist
image_open&close_left_fist
image_open&close_left_fist
image_open&close_left_fist
image_open&close_left_fist
image_open&close_left_fist
image_open&close_left_fist
image_open&close_left_fist
image_open&close_left_fist
image_open&close_left_fist
image_open&close_left_fist
image_open&close_left_fist
image_open&close_left_fist
image_open&close_left_fist
image_open&close_left_fist
image_open&close_left_fist
image_open&close_left_fist
image_open&close_left_fist
image_open&close_left_fist
image_open&close_left_fist
image_open&close_left_fist
image_open&close_left_fist
image_open&close_left_fist
image_open&close_left_fist
image_open&close_left_fist
image_open&close_left_fist
image_open&close_left_fist
image_open&close_left_fist
image_open&close_left_fist
image_open&close_left_fist
image_open&close_left_fist
image_open&close_left_fist
image_open&close_left_fist
image_open&close_left_fist
image_open&close_left_fist
image_open&close_left_fist
image_open&close_left_fist
image_open&close_left_fist
image_open&close_left_fist
image_open&close_left_fist
image_open&close_left_fist
image_open&close_left_fist
image_open&close_left_fist
image_open&close_left_fist
image_open&close_left_fist
image_open&close_left_fist
image_open&close_left_fist
image_open&close_left_fist
image_open&close_left_fist
image_open&close_left_fist
image_open&close_left_fist
image_open&close_left_fist
image_open&close_left_fist
image_open&close_left_fist
image_open&close_left_fist
image_open&close_left_fist
image_open&close_left_fist
image_open&close_left_fist
image_open&close_left_fist
image_open&close_left_fist
image_open&close_left_fist
image_open&close_left_fist
image_open&close_left_fist
image_open&close_left_fist
image_open&close_left_fist
image_open&close_left_fist
image_open&close_left_fist
image_open&close_left_fist
image_open&close_left_fist
image_open&close_left_fist
image_open&close_left_fist
image_open&close_left_fist
image_open&close_left_fist
image_open&close_left_fist
image_open&close_left_fist
image_open&close_left_fist
image_open&close_left_fist
image_open&close_left_fist
image_open&close_left_fist
image_open&close_left_fist
image_open&close_left_fist
image_open&close_left_fist
image_open&close_left_fist
image_open&close_left_fist
image_open&close_left_fist
image_open&close_left_fist
image_open&close_left_fist
image_open&close_left_fist
image_open&close_left_fist
image_open&close_left_fist
image_open&close_left_fist
image_open&close_left_fist
image_open&close_left_fist
image_open&close_left_fist
image_open&close_left_fist
image_open&close_left_fist
image_open&close_left_fist
image_open&close_left_fist
image_open&close_left_fist
image_open&close_left_fist
image_open&close_left_fist
image_open&close_left_fist
image_open&close_left_fist
image_open&close_left_fist
image_open&close_left_fist
image_open&close_left_fist
image_open&close_left_fist
image_open&close_left_fist
image_open&close_left_fist
image_open&close_left_fist
image_open&close_left_fist
image_open&close_left_fist
image_open&close_left_fist
image_open&close_left_fist
image_open&close_left_fist
image_open&close_left_fist
image_open&close_left_fist
image_open&close_left_fist
image_open&close_left_fist
image_open&close_left_fist
image_open&close_left_fist
image_open&close_left_fist
image_open&close_left_fist
image_open&close_left_fist
image_open&close_left_fist
image_open&close_left_fist
image_open&close_left_fist
image_open&close_left_fist
image_open&close_left_fist
image_open&close_left_fist
image_open&close_left_fist
image_open&close_left_fist
image_open&close_left_fist
image_open&close_left_fist
image_open&close_left_fist
image_open&close_left_fist
image_open&close_left_fist
image_open&close_left_fist
image_open&close_left_fist
image_open&close_left_fist
image_open&close_left_fist
image_open&close_left_fist
image_open&close_left_fist
image_open&close_left_fist
image_open&close_left_fist
image_open&close_left_fist
image_open&close_left_fist
image_open&close_left_fist
image_open&close_left_fist
image_open&close_left_fist
image_open&close_left_fist
image_open&close_left_fist
image_open&close_left_fist
image_open&close_left_fist
image_open&close_left_fist
image_open&close_left_fist
image_open&close_left_fist
image_open&close_left_fist
image_open&close_left_fist
image_open&close_left_fist
image_open&close_left_fist
image_open&close_left_fist
image_open&close_left_fist
image_open&close_left_fist
image_open&close_left_fist
image_open&close_left_fist
image_open&close_left_fist
image_open&close_left_fist
image_open&close_left_fist
image_open&close_left_fist
image_open&close_left_fist
image_open&close_left_fist
image_open&close_left_fist
image_open&close_left_fist
image_open&close_left_fist
image_open&close_left_fist
image_open&close_left_fist
image_open&close_left_fist
image_open&close_left_fist
image_open&close_left_fist
image_open&close_left_fist
image_open&close_left_fist
image_open&close_left_fist
image_open&close_left_fist
image_open&close_left_fist
image_open&close_left_fist
image_open&close_left_fist
image_open&close_left_fist
image_open&close_left_fist
image_open&close_left_fist
image_open&close_left_fist
image_open&close_left_fist
image_open&close_left_fist
image_open&close_left_fist
image_open&close_left_fist
image_open&close_left_fist
image_open&close_left_fist
image_open&close_left_fist
image_open&close_left_fist
image_open&close_left_fist
image_open&close_left_fist
image_open&close_left_fist
image_open&close_left_fist
image_open&close_left_fist
image_open&close_left_fist
image_open&close_left_fist
image_open&close_left_fist
image_open&close_left_fist
image_open&close_left_fist
image_open&close_left_fist
image_open&close_left_fist
image_open&close_left_fist
image_open&close_left_fist
image_open&close_left_fist
image_open&close_left_fist
image_open&close_left_fist
image_open&close_left_fist
image_open&close_left_fist
image_open&close_left_fist
image_open&close_left_fist
image_open&close_left_fist
image_open&close_left_fist
image_open&close_left_fist
image_open&close_left_fist
image_open&close_left_fist
image_open&close_left_fist
image_open&close_left_fist
image_open&close_left_fist
image_open&close_left_fist
image_open&close_left_fist
image_open&close_left_fist
image_open&close_left_fist
image_open&close_left_fist
image_open&close_left_fist
image_open&close_left_fist
image_open&close_left_fist
image_open&close_left_fist
image_open&close_left_fist
image_open&close_left_fist
image_open&close_left_fist
image_open&close_left_fist
image_open&close_left_fist
image_open&close_left_fist
image_open&close_left_fist
image_open&close_left_fist
image_open&close_left_fist
image_open&close_left_fist
image_open&close_left_fist
image_open&close_left_fist
image_open&close_left_fist
image_open&close_left_fist
image_open&close_left_fist
image_open&close_left_fist
image_open&close_left_fist
image_open&close_left_fist
image_open&close_left_fist
image_open&close_left_fist
image_open&close_left_fist
image_open&close_left_fist
image_open&close_left_fist
image_open&close_left_fist
image_open&close_left_fist
image_open&close_left_fist
image_open&close_left_fist
image_open&close_left_fist
image_open&close_left_fist
image_open&close_left_fist
image_open&close_left_fist
image_open&close_left_fist
image_open&close_left_fist
image_open&close_left_fist
image_open&close_left_fist
image_open&close_left_fist
image_open&close_left_fist
image_open&close_left_fist
image_open&close_left_fist
image_open&close_left_fist
image_open&close_left_fist
image_open&close_left_fist
image_open&close_left_fist
image_open&close_left_fist
image_open&close_left_fist
image_open&close_left_fist
image_open&close_left_fist
image_open&close_left_fist
image_open&close_left_fist
image_open&close_left_fist
image_open&close_left_fist
image_open&close_left_fist
image_open&close_left_fist
image_open&close_left_fist
image_open&close_left_fist
image_open&close_left_fist
image_open&close_left_fist
image_open&close_left_fist
image_open&close_left_fist
image_open&close_left_fist
image_open&close_left_fist
image_open&close_left_fist
image_open&close_left_fist
image_open&close_left_fist
image_open&close_left_fist
image_open&close_left_fist
image_open&close_left_fist
image_open&close_left_fist
image_open&close_left_fist
image_open&close_left_fist
image_open&close_left_fist
image_open&close_left_fist
image_open&close_left_fist
image_open&close_left_fist
image_open&close_left_fist
image_open&close_left_fist
image_open&close_left_fist
image_open&close_left_fist
image_open&close_left_fist
image_open&close_left_fist
image_open&close_left_fist
image_open&close_left_fist
image_open&close_left_fist
image_open&close_left_fist
image_open&close_left_fist
image_open&close_left_fist
image_open&close_left_fist
image_open&close_left_fist
image_open&close_left_fist
image_open&close_left_fist
image_open&close_left_fist
image_open&close_left_fist
image_open&close_left_fist
image_open&close_left_fist
image_open&close_left_fist
image_open&close_left_fist
image_open&close_left_fist
image_open&close_left_fist
image_open&close_left_fist
image_open&close_left_fist
image_open&close_left_fist
image_open&close_left_fist
image_open&close_left_fist
image_open&close_left_fist
image_open&close_left_fist
image_open&close_left_fist
image_open&close_left_fist
image_open&close_left_fist
image_open&close_left_fist
image_open&close_left_fist
image_open&close_left_fist
image_open&close_left_fist
image_open&close_left_fist
image_open&close_left_fist
image_open&close_left_fist
image_open&close_left_fist
image_open&close_left_fist
image_open&close_left_fist
image_open&close_left_fist
image_open&close_left_fist
image_open&close_left_fist
image_open&close_left_fist
image_open&close_left_fist
image_open&close_left_fist
image_open&close_left_fist
image_open&close_left_fist
image_open&close_left_fist
image_open&close_left_fist
image_open&close_left_fist
image_open&close_left_fist
image_open&close_left_fist
image_open&close_left_fist
image_open&close_left_fist
image_open&close_left_fist
image_open&close_left_fist
image_open&close_left_fist
image_open&close_left_fist
image_open&close_left_fist
image_open&close_left_fist
image_open&close_left_fist
image_open&close_left_fist
image_open&close_left_fist
image_open&close_left_fist
image_open&close_left_fist
image_open&close_left_fist
image_open&close_left_fist
image_open&close_left_fist
image_open&close_left_fist
image_open&close_left_fist
image_open&close_left_fist
image_open&close_left_fist
image_open&close_left_fist
image_open&close_left_fist
image_open&close_left_fist
image_open&close_left_fist
image_open&close_left_fist
image_open&close_left_fist
image_open&close_left_fist
image_open&close_left_fist
image_open&close_left_fist
image_open&close_left_fist
image_open&close_left_fist
image_open&close_left_fist
image_open&close_left_fist
image_open&close_left_fist
image_open&close_left_fist
image_open&close_left_fist
image_open&close_left_fist
image_open&close_left_fist
image_open&close_left_fist
image_open&close_left_fist
image_open&close_left_fist
image_open&close_left_fist
image_open&close_left_fist
image_open&close_left_fist
image_open&close_left_fist
image_open&close_left_fist
image_open&close_left_fist
image_open&close_left_fist
image_open&close_left_fist
image_open&close_left_fist
image_open&close_left_fist
image_open&close_left_fist
image_open&close_left_fist
image_open&close_left_fist
image_open&close_left_fist
image_open&close_left_fist
image_open&close_left_fist
image_open&close_left_fist
image_open&close_left_fist
image_open&close_left_fist
image_open&close_left_fist
image_open&close_left_fist
image_open&close_left_fist
image_open&close_left_fist
image_open&close_left_fist
image_open&close_left_fist
image_open&close_left_fist
image_open&close_left_fist
image_open&close_left_fist
image_open&close_left_fist
image_open&close_left_fist
image_open&close_left_fist
image_open&close_left_fist
image_open&close_left_fist
image_open&close_left_fist
image_open&close_left_fist
image_open&close_left_fist
image_open&close_left_fist
image_open&close_left_fist
image_open&close_left_fist
image_open&close_left_fist
image_open&close_left_fist
image_open&close_left_fist
image_open&close_left_fist
image_open&close_left_fist
image_open&close_left_fist
image_open&close_left_fist
image_open&close_left_fist
image_open&close_left_fist
image_open&close_left_fist
image_open&close_left_fist
image_open&close_left_fist
image_open&close_left_fist
image_open&close_left_fist
image_open&close_left_fist
image_open&close_left_fist
image_open&close_left_fist
image_open&close_left_fist
image_open&close_left_fist
image_open&close_left_fist
image_open&close_left_fist
image_open&close_left_fist
image_open&close_left_fist
image_open&close_left_fist
image_open&close_left_fist
image_open&close_left_fist
image_open&close_left_fist
image_open&close_left_fist
image_open&close_left_fist
image_open&close_left_fist
image_open&close_left_fist
image_open&close_left_fist
image_open&close_left_fist
image_open&close_left_fist
image_open&close_left_fist
image_open&close_left_fist
image_open&close_left_fist
image_open&close_left_fist
image_open&close_left_fist
image_open&close_left_fist
image_open&close_left_fist
image_open&close_left_fist
image_open&close_left_fist
image_open&close_left_fist
image_open&close_left_fist
image_open&close_left_fist
image_open&close_left_fist
image_open&close_left_fist
image_open&close_left_fist
image_open&close_left_fist
image_open&close_left_fist
image_open&close_left_fist
image_open&close_left_fist
image_open&close_left_fist
image_open&close_left_fist
image_open&close_left_fist
image_open&close_left_fist
image_open&close_left_fist
image_open&close_left_fist
image_open&close_left_fist
image_open&close_left_fist
image_open&close_left_fist
image_open&close_left_fist
image_open&close_left_fist
image_open&close_left_fist
image_open&close_left_fist
image_open&close_left_fist
image_open&close_left_fist
image_open&close_left_fist
image_open&close_left_fist
image_open&close_left_fist
image_open&close_left_fist
image_open&close_left_fist
image_open&close_left_fist
image_open&close_left_fist
image_open&close_left_fist
image_open&close_left_fist
image_open&close_left_fist
image_open&close_left_fist
image_open&close_left_fist
image_open&close_left_fist
image_open&close_left_fist
image_open&close_left_fist
image_open&close_left_fist
image_open&close_left_fist
image_open&close_left_fist
image_open&close_left_fist
image_open&close_left_fist
image_open&close_left_fist
image_open&close_left_fist
image_open&close_left_fist
image_open&close_left_fist
image_open&close_left_fist
image_open&close_left_fist
image_open&close_left_fist
image_open&close_left_fist
image_open&close_left_fist
image_open&close_left_fist
image_open&close_left_fist
image_open&close_left_fist
image_open&close_left_fist
image_open&close_left_fist
image_open&close_left_fist
image_open&close_left_fist
image_open&close_left_fist
image_open&close_left_fist
image_open&close_left_fist
image_open&close_left_fist
image_open&close_left_fist
image_open&close_left_fist
image_open&close_left_fist
image_open&close_left_fist
image_open&close_left_fist
image_open&close_left_fist
image_open&close_left_fist
image_open&close_left_fist
image_open&close_left_fist
image_open&close_left_fist
image_open&close_left_fist
image_open&close_left_fist
image_open&close_left_fist
image_open&close_left_fist
image_open&close_left_fist
image_open&close_left_fist
image_open&close_left_fist
image_open&close_left_fist
image_open&close_left_fist
image_open&close_left_fist
image_open&close_left_fist
rest
rest
rest
rest
rest
rest
rest
rest
rest
rest
rest
rest
rest
rest
rest
rest
rest
rest
rest
rest
rest
rest
rest
rest
rest
rest
rest
rest
rest
rest
rest
rest
rest
rest
rest
rest
rest
rest
rest
rest
rest
rest
rest
rest
rest
rest
rest
rest
rest
rest
rest
rest
rest
rest
rest
rest
rest
rest
rest
rest
rest
rest
rest
rest
rest
rest
rest
rest
rest
rest
rest
rest
rest
rest
rest
rest
rest
rest
rest
rest
rest
rest
rest
rest
rest
rest
rest
rest
rest
rest
rest
rest
rest
rest
rest
rest
rest
rest
rest
rest
rest
rest
rest
rest
rest
rest
rest
rest
rest
rest
rest
rest
rest
rest
rest
rest
rest
rest
rest
rest
rest
rest
rest
rest
rest
rest
rest
rest
rest
rest
rest
rest
rest
rest
rest
rest
rest
rest
rest
rest
rest
rest
rest
rest
rest
rest
rest
rest
rest
rest
rest
rest
rest
rest
rest
rest
rest
rest
rest
rest
rest
rest
rest
rest
rest
rest
rest
rest
rest
rest
rest
rest
rest
rest
rest
rest
rest
rest
rest
image_open&close_right_fist
image_open&close_right_fist
image_open&close_right_fist
image_open&close_right_fist
image_open&close_right_fist
image_open&close_right_fist
image_open&close_right_fist
image_open&close_right_fist
image_open&close_right_fist
image_open&close_right_fist
image_open&close_right_fist
image_open&close_right_fist
image_open&close_right_fist
image_open&close_right_fist
image_open&close_right_fist
image_open&close_right_fist
image_open&close_right_fist
image_open&close_right_fist
image_open&close_right_fist
image_open&close_right_fist
image_open&close_right_fist
image_open&close_right_fist
image_open&close_right_fist
image_open&close_right_fist
image_open&close_right_fist
image_open&close_right_fist
image_open&close_right_fist
image_open&close_right_fist
image_open&close_right_fist
image_open&close_right_fist
image_open&close_right_fist
image_open&close_right_fist
image_open&close_right_fist
image_open&close_right_fist
image_open&close_right_fist
image_open&close_right_fist
image_open&close_right_fist
image_open&close_right_fist
image_open&close_right_fist
image_open&close_right_fist
image_open&close_right_fist
image_open&close_right_fist
image_open&close_right_fist
image_open&close_right_fist
image_open&close_right_fist
image_open&close_right_fist
image_open&close_right_fist
image_open&close_right_fist
image_open&close_right_fist
image_open&close_right_fist
image_open&close_right_fist
image_open&close_right_fist
image_open&close_right_fist
image_open&close_right_fist
image_open&close_right_fist
image_open&close_right_fist
image_open&close_right_fist
image_open&close_right_fist
image_open&close_right_fist
image_open&close_right_fist
image_open&close_right_fist
image_open&close_right_fist
image_open&close_right_fist
image_open&close_right_fist
image_open&close_right_fist
image_open&close_right_fist
image_open&close_right_fist
image_open&close_right_fist
image_open&close_right_fist
image_open&close_right_fist
image_open&close_right_fist
image_open&close_right_fist
image_open&close_right_fist
image_open&close_right_fist
image_open&close_right_fist
image_open&close_right_fist
image_open&close_right_fist
image_open&close_right_fist
image_open&close_right_fist
image_open&close_right_fist
image_open&close_right_fist
image_open&close_right_fist
image_open&close_right_fist
image_open&close_right_fist
image_open&close_right_fist
image_open&close_right_fist
image_open&close_right_fist
image_open&close_right_fist
image_open&close_right_fist
image_open&close_right_fist
image_open&close_right_fist
image_open&close_right_fist
image_open&close_right_fist
image_open&close_right_fist
image_open&close_right_fist
image_open&close_right_fist
image_open&close_right_fist
image_open&close_right_fist
image_open&close_right_fist
image_open&close_right_fist
image_open&close_right_fist
image_open&close_right_fist
image_open&close_right_fist
image_open&close_right_fist
image_open&close_right_fist
image_open&close_right_fist
image_open&close_right_fist
image_open&close_right_fist
image_open&close_right_fist
image_open&close_right_fist
image_open&close_right_fist
image_open&close_right_fist
image_open&close_right_fist
image_open&close_right_fist
image_open&close_right_fist
image_open&close_right_fist
image_open&close_right_fist
image_open&close_right_fist
image_open&close_right_fist
image_open&close_right_fist
image_open&close_right_fist
image_open&close_right_fist
image_open&close_right_fist
image_open&close_right_fist
image_open&close_right_fist
image_open&close_right_fist
image_open&close_right_fist
image_open&close_right_fist
image_open&close_right_fist
image_open&close_right_fist
image_open&close_right_fist
image_open&close_right_fist
image_open&close_right_fist
image_open&close_right_fist
image_open&close_right_fist
image_open&close_right_fist
image_open&close_right_fist
image_open&close_right_fist
image_open&close_right_fist
image_open&close_right_fist
image_open&close_right_fist
image_open&close_right_fist
image_open&close_right_fist
image_open&close_right_fist
image_open&close_right_fist
image_open&close_right_fist
image_open&close_right_fist
image_open&close_right_fist
image_open&close_right_fist
image_open&close_right_fist
image_open&close_right_fist
image_open&close_right_fist
image_open&close_right_fist
image_open&close_right_fist
image_open&close_right_fist
image_open&close_right_fist
image_open&close_right_fist
image_open&close_right_fist
image_open&close_right_fist
image_open&close_right_fist
image_open&close_right_fist
image_open&close_right_fist
image_open&close_right_fist
image_open&close_right_fist
image_open&close_right_fist
image_open&close_right_fist
image_open&close_right_fist
image_open&close_right_fist
image_open&close_right_fist
image_open&close_right_fist
image_open&close_right_fist
image_open&close_right_fist
image_open&close_right_fist
image_open&close_right_fist
image_open&close_right_fist
image_open&close_right_fist
image_open&close_right_fist
image_open&close_right_fist
image_open&close_right_fist
image_open&close_right_fist
image_open&close_right_fist
image_open&close_right_fist
image_open&close_right_fist
image_open&close_right_fist
image_open&close_right_fist
image_open&close_right_fist
image_open&close_right_fist
image_open&close_right_fist
image_open&close_right_fist
image_open&close_right_fist
image_open&close_right_fist
image_open&close_right_fist
image_open&close_right_fist
image_open&close_right_fist
image_open&close_right_fist
image_open&close_right_fist
image_open&close_right_fist
image_open&close_right_fist
image_open&close_right_fist
image_open&close_right_fist
image_open&close_right_fist
image_open&close_right_fist
image_open&close_right_fist
image_open&close_right_fist
image_open&close_right_fist
image_open&close_right_fist
image_open&close_right_fist
image_open&close_right_fist
image_open&close_right_fist
image_open&close_right_fist
image_open&close_right_fist
image_open&close_right_fist
image_open&close_right_fist
image_open&close_right_fist
image_open&close_right_fist
image_open&close_right_fist
image_open&close_right_fist
image_open&close_right_fist
image_open&close_right_fist
image_open&close_right_fist
image_open&close_right_fist
image_open&close_right_fist
image_open&close_right_fist
image_open&close_right_fist
image_open&close_right_fist
image_open&close_right_fist
image_open&close_right_fist
image_open&close_right_fist
image_open&close_right_fist
image_open&close_right_fist
image_open&close_right_fist
image_open&close_right_fist
image_open&close_right_fist
image_open&close_right_fist
image_open&close_right_fist
image_open&close_right_fist
image_open&close_right_fist
image_open&close_right_fist
image_open&close_right_fist
image_open&close_right_fist
image_open&close_right_fist
image_open&close_right_fist
image_open&close_right_fist
image_open&close_right_fist
image_open&close_right_fist
image_open&close_right_fist
image_open&close_right_fist
image_open&close_right_fist
image_open&close_right_fist
image_open&close_right_fist
image_open&close_right_fist
image_open&close_right_fist
image_open&close_right_fist
image_open&close_right_fist
image_open&close_right_fist
image_open&close_right_fist
image_open&close_right_fist
image_open&close_right_fist
image_open&close_right_fist
image_open&close_right_fist
image_open&close_right_fist
image_open&close_right_fist
image_open&close_right_fist
image_open&close_right_fist
image_open&close_right_fist
image_open&close_right_fist
image_open&close_right_fist
image_open&close_right_fist
image_open&close_right_fist
image_open&close_right_fist
image_open&close_right_fist
image_open&close_right_fist
image_open&close_right_fist
image_open&close_right_fist
image_open&close_right_fist
image_open&close_right_fist
image_open&close_right_fist
image_open&close_right_fist
image_open&close_right_fist
image_open&close_right_fist
image_open&close_right_fist
image_open&close_right_fist
image_open&close_right_fist
image_open&close_right_fist
image_open&close_right_fist
image_open&close_right_fist
image_open&close_right_fist
image_open&close_right_fist
image_open&close_right_fist
image_open&close_right_fist
image_open&close_right_fist
image_open&close_right_fist
image_open&close_right_fist
image_open&close_right_fist
image_open&close_right_fist
image_open&close_right_fist
image_open&close_right_fist
image_open&close_right_fist
image_open&close_right_fist
image_open&close_right_fist
image_open&close_right_fist
image_open&close_right_fist
image_open&close_right_fist
image_open&close_right_fist
image_open&close_right_fist
image_open&close_right_fist
image_open&close_right_fist
image_open&close_right_fist
image_open&close_right_fist
image_open&close_right_fist
image_open&close_right_fist
image_open&close_right_fist
image_open&close_right_fist
image_open&close_right_fist
image_open&close_right_fist
image_open&close_right_fist
image_open&close_right_fist
image_open&close_right_fist
image_open&close_right_fist
image_open&close_right_fist
image_open&close_right_fist
image_open&close_right_fist
image_open&close_right_fist
image_open&close_right_fist
image_open&close_right_fist
image_open&close_right_fist
image_open&close_right_fist
image_open&close_right_fist
image_open&close_right_fist
image_open&close_right_fist
image_open&close_right_fist
image_open&close_right_fist
image_open&close_right_fist
image_open&close_right_fist
image_open&close_right_fist
image_open&close_right_fist
image_open&close_right_fist
image_open&close_right_fist
image_open&close_right_fist
image_open&close_right_fist
image_open&close_right_fist
image_open&close_right_fist
image_open&close_right_fist
image_open&close_right_fist
image_open&close_right_fist
image_open&close_right_fist
image_open&close_right_fist
image_open&close_right_fist
image_open&close_right_fist
image_open&close_right_fist
image_open&close_right_fist
image_open&close_right_fist
image_open&close_right_fist
image_open&close_right_fist
image_open&close_right_fist
image_open&close_right_fist
image_open&close_right_fist
image_open&close_right_fist
image_open&close_right_fist
image_open&close_right_fist
image_open&close_right_fist
image_open&close_right_fist
image_open&close_right_fist
image_open&close_right_fist
image_open&close_right_fist
image_open&close_right_fist
image_open&close_right_fist
image_open&close_right_fist
image_open&close_right_fist
image_open&close_right_fist
image_open&close_right_fist
image_open&close_right_fist
image_open&close_right_fist
image_open&close_right_fist
image_open&close_right_fist
image_open&close_right_fist
image_open&close_right_fist
image_open&close_right_fist
image_open&close_right_fist
image_open&close_right_fist
image_open&close_right_fist
image_open&close_right_fist
image_open&close_right_fist
image_open&close_right_fist
image_open&close_right_fist
image_open&close_right_fist
image_open&close_right_fist
image_open&close_right_fist
image_open&close_right_fist
image_open&close_right_fist
image_open&close_right_fist
image_open&close_right_fist
image_open&close_right_fist
image_open&close_right_fist
image_open&close_right_fist
image_open&close_right_fist
image_open&close_right_fist
image_open&close_right_fist
image_open&close_right_fist
image_open&close_right_fist
image_open&close_right_fist
image_open&close_right_fist
image_open&close_right_fist
image_open&close_right_fist
image_open&close_right_fist
image_open&close_right_fist
image_open&close_right_fist
image_open&close_right_fist
image_open&close_right_fist
image_open&close_right_fist
image_open&close_right_fist
image_open&close_right_fist
image_open&close_right_fist
image_open&close_right_fist
image_open&close_right_fist
image_open&close_right_fist
image_open&close_right_fist
image_open&close_right_fist
image_open&close_right_fist
image_open&close_right_fist
image_open&close_right_fist
image_open&close_right_fist
image_open&close_right_fist
image_open&close_right_fist
image_open&close_right_fist
image_open&close_right_fist
image_open&close_right_fist
image_open&close_right_fist
image_open&close_right_fist
image_open&close_right_fist
image_open&close_right_fist
image_open&close_right_fist
image_open&close_right_fist
image_open&close_right_fist
image_open&close_right_fist
image_open&close_right_fist
image_open&close_right_fist
image_open&close_right_fist
image_open&close_right_fist
image_open&close_right_fist
image_open&close_right_fist
image_open&close_right_fist
image_open&close_right_fist
image_open&close_right_fist
image_open&close_right_fist
image_open&close_right_fist
image_open&close_right_fist
image_open&close_right_fist
image_open&close_right_fist
image_open&close_right_fist
image_open&close_right_fist
image_open&close_right_fist
image_open&close_right_fist
image_open&close_right_fist
image_open&close_right_fist
image_open&close_right_fist
image_open&close_right_fist
image_open&close_right_fist
image_open&close_right_fist
image_open&close_right_fist
image_open&close_right_fist
image_open&close_right_fist
image_open&close_right_fist
image_open&close_right_fist
image_open&close_right_fist
image_open&close_right_fist
image_open&close_right_fist
image_open&close_right_fist
image_open&close_right_fist
image_open&close_right_fist
image_open&close_right_fist
image_open&close_right_fist
image_open&close_right_fist
image_open&close_right_fist
image_open&close_right_fist
image_open&close_right_fist
image_open&close_right_fist
image_open&close_right_fist
image_open&close_right_fist
image_open&close_right_fist
image_open&close_right_fist
image_open&close_right_fist
image_open&close_right_fist
image_open&close_right_fist
image_open&close_right_fist
image_open&close_right_fist
image_open&close_right_fist
image_open&close_right_fist
image_open&close_right_fist
image_open&close_right_fist
image_open&close_right_fist
image_open&close_right_fist
image_open&close_right_fist
image_open&close_right_fist
image_open&close_right_fist
image_open&close_right_fist
image_open&close_right_fist
image_open&close_right_fist
image_open&close_right_fist
image_open&close_right_fist
image_open&close_right_fist
image_open&close_right_fist
image_open&close_right_fist
image_open&close_right_fist
image_open&close_right_fist
image_open&close_right_fist
image_open&close_right_fist
image_open&close_right_fist
image_open&close_right_fist
image_open&close_right_fist
image_open&close_right_fist
image_open&close_right_fist
image_open&close_right_fist
image_open&close_right_fist
image_open&close_right_fist
image_open&close_right_fist
image_open&close_right_fist
image_open&close_right_fist
image_open&close_right_fist
image_open&close_right_fist
image_open&close_right_fist
image_open&close_right_fist
image_open&close_right_fist
image_open&close_right_fist
image_open&close_right_fist
image_open&close_right_fist
image_open&close_right_fist
image_open&close_right_fist
image_open&close_right_fist
image_open&close_right_fist
image_open&close_right_fist
image_open&close_right_fist
image_open&close_right_fist
image_open&close_right_fist
image_open&close_right_fist
image_open&close_right_fist
image_open&close_right_fist
image_open&close_right_fist
image_open&close_right_fist
image_open&close_right_fist
image_open&close_right_fist
image_open&close_right_fist
image_open&close_right_fist
image_open&close_right_fist
image_open&close_right_fist
image_open&close_right_fist
image_open&close_right_fist
image_open&close_right_fist
image_open&close_right_fist
image_open&close_right_fist
image_open&close_right_fist
image_open&close_right_fist
image_open&close_right_fist
image_open&close_right_fist
image_open&close_right_fist
image_open&close_right_fist
image_open&close_right_fist
image_open&close_right_fist
image_open&close_right_fist
image_open&close_right_fist
image_open&close_right_fist
image_open&close_right_fist
image_open&close_right_fist
image_open&close_right_fist
image_open&close_right_fist
image_open&close_right_fist
image_open&close_right_fist
image_open&close_right_fist
image_open&close_right_fist
image_open&close_right_fist
image_open&close_right_fist
image_open&close_right_fist
image_open&close_right_fist
image_open&close_right_fist
image_open&close_right_fist
image_open&close_right_fist
image_open&close_right_fist
image_open&close_right_fist
image_open&close_right_fist
image_open&close_right_fist
image_open&close_right_fist
image_open&close_right_fist
image_open&close_right_fist
image_open&close_right_fist
image_open&close_right_fist
image_open&close_right_fist
image_open&close_right_fist
image_open&close_right_fist
image_open&close_right_fist
image_open&close_right_fist
image_open&close_right_fist
image_open&close_right_fist
image_open&close_right_fist
image_open&close_right_fist
image_open&close_right_fist
image_open&close_right_fist
image_open&close_right_fist
image_open&close_right_fist
image_open&close_right_fist
image_open&close_right_fist
image_open&close_right_fist
image_open&close_right_fist
image_open&close_right_fist
image_open&close_right_fist
image_open&close_right_fist
image_open&close_right_fist
image_open&close_right_fist
image_open&close_right_fist
image_open&close_right_fist
image_open&close_right_fist
image_open&close_right_fist
image_open&close_right_fist
image_open&close_right_fist
image_open&close_right_fist
image_open&close_right_fist
image_open&close_right_fist
image_open&close_right_fist
image_open&close_right_fist
image_open&close_right_fist
image_open&close_right_fist
image_open&close_right_fist
image_open&close_right_fist
image_open&close_right_fist
image_open&close_right_fist
image_open&close_right_fist
image_open&close_right_fist
image_open&close_right_fist
image_open&close_right_fist
image_open&close_right_fist
image_open&close_right_fist
image_open&close_right_fist
image_open&close_right_fist
image_open&close_right_fist
image_open&close_right_fist
image_open&close_right_fist
image_open&close_right_fist
image_open&close_right_fist
image_open&close_right_fist
image_open&close_right_fist
image_open&close_right_fist
image_open&close_right_fist
image_open&close_right_fist
image_open&close_right_fist
image_open&close_right_fist
image_open&close_right_fist
image_open&close_right_fist
image_open&close_right_fist
image_open&close_right_fist
image_open&close_right_fist
image_open&close_right_fist
image_open&close_right_fist
image_open&close_right_fist
image_open&close_right_fist
image_open&close_right_fist
image_open&close_right_fist
image_open&close_right_fist
image_open&close_right_fist
image_open&close_right_fist
image_open&close_right_fist
image_open&close_right_fist
image_open&close_right_fist
image_open&close_right_fist
image_open&close_right_fist
image_open&close_right_fist
image_open&close_right_fist
image_open&close_right_fist
image_open&close_right_fist
image_open&close_right_fist
image_open&close_right_fist
image_open&close_right_fist
image_open&close_right_fist
image_open&close_right_fist
image_open&close_right_fist
image_open&close_right_fist
image_open&close_right_fist
image_open&close_right_fist
image_open&close_right_fist
image_open&close_right_fist
image_open&close_right_fist
image_open&close_right_fist
image_open&close_right_fist
image_open&close_right_fist
image_open&close_right_fist
image_open&close_right_fist
image_open&close_right_fist
image_open&close_right_fist
image_open&close_right_fist
image_open&close_right_fist
image_open&close_right_fist
image_open&close_right_fist
image_open&close_right_fist
image_open&close_right_fist
image_open&close_right_fist
image_open&close_right_fist
image_open&close_right_fist
image_open&close_right_fist
image_open&close_right_fist
image_open&close_right_fist
image_open&close_right_fist
image_open&close_right_fist
image_open&close_right_fist
image_open&close_right_fist
image_open&close_right_fist
image_open&close_right_fist
image_open&close_right_fist
image_open&close_right_fist
image_open&close_right_fist
image_open&close_right_fist
image_open&close_right_fist
image_open&close_right_fist
image_open&close_right_fist
image_open&close_right_fist
image_open&close_right_fist
image_open&close_right_fist
image_open&close_right_fist
image_open&close_right_fist
image_open&close_right_fist
